timestamp,seq,millis,q0,q1,q2,s0_ax,s0_ay,s0_az,s0_gx,s0_gy,s0_gz,s1_ax,s1_ay,s1_az,s1_gx,s1_gy,s1_gz,s2_ax,s2_ay,s2_az,s2_gx,s2_gy,s2_gz
2025-10-19T16:15:00.497,163610,1542743,0,0,0,-13.018375396728516,-0.4559433460235595,-0.4724834561347961,0.0430122166872024,0.7054435014724731,0.0551118105649948,-9.95997142791748,6.268592357635498,1.176721215248108,-0.15894515812397,0.187182992696762,0.4095807075500488,10.880936622619627,3.3703432083129883,3.4619526863098145,0.2780753374099731,0.145053282380104,-0.1980825364589691
2025-10-19T16:15:00.506,163611,1542752,0,0,0,-13.643261909484863,-0.3912999033927917,-0.8890745639801025,0.0342189669609069,0.8168247938156128,0.0556447356939315,-10.129960060119627,6.22070837020874,1.315585017204285,-0.0627522021532058,0.0523529723286628,0.5915745496749878,11.029377937316896,4.033536911010742,4.13472318649292,0.3209757804870605,0.1738312393426895,-0.2543061077594757
2025-10-19T16:15:00.516,163612,1542761,0,0,0,-14.14365005493164,-0.4511549472808838,-1.2936946153640747,-0.037192977964878,0.9298048615455629,0.0532465651631355,-10.366985321044922,6.31168794631958,1.5621877908706665,-0.0251809917390346,-0.0675551444292068,0.7466557621955872,11.192183494567873,4.450128078460693,4.532160758972168,0.2724796235561371,0.1839568018913269,-0.2908114790916443
2025-10-19T16:15:00.524,163613,1542770,0,0,0,-14.316032409667969,-0.546923041343689,-1.097370147705078,-0.142712116241455,1.0728952884674072,0.0417886823415756,-10.402898788452148,6.3236589431762695,1.3898051977157593,-0.041168738156557,-0.1682779490947723,0.8926771283149719,11.077261924743652,4.311264514923096,4.4555463790893555,0.2359742671251297,0.1413228064775467,-0.3203887939453125
2025-10-19T16:15:00.533,163614,1542779,0,0,0,-14.057458877563477,-0.5924128293991089,-0.1732082366943359,-0.2303782701492309,1.214120388031006,0.029264947399497,-10.036585807800291,6.469705581665039,1.473602294921875,-0.0995240211486816,-0.3055061399936676,1.0267077684402466,10.67264175415039,4.39745569229126,4.228096961975098,0.2780753374099731,0.0685785412788391,-0.3550289273262024
2025-10-19T16:15:00.542,163615,1542788,0,0,0,-13.39665985107422,-0.4894621968269348,0.5809652805328369,-0.2538269758224487,1.3263012170791626,0.0268667805939912,-9.615206718444824,6.584627151489258,1.957231044769287,-0.1656067222356796,-0.4909639954566955,1.1540768146514893,10.270415306091309,4.56744384765625,4.244856357574463,0.3417598605155945,-0.0297461114823818,-0.3949982821941376
2025-10-19T16:15:00.551,163616,1542797,0,0,0,-12.300114631652832,-0.362569510936737,0.7988375425338745,-0.2298453450202942,1.397446632385254,0.031929574906826,-8.952012062072754,6.713913917541504,2.134401798248291,-0.2540722787380218,-0.6308568120002747,1.2953020334243774,10.112398147583008,4.79249906539917,4.599198341369629,0.4006480872631073,-0.1035562232136726,-0.4578834474086761
2025-10-19T16:15:00.560,163617,1542806,0,0,0,-11.064706802368164,-0.1853985637426376,1.011921525001526,-0.19280706346035,1.416631817817688,0.0415222197771072,-8.688650131225586,6.551108360290527,1.77287757396698,-0.4848287999629974,-0.6199318766593933,1.4677032232284546,9.820305824279783,4.8451714515686035,4.659053325653076,0.4923111498355865,-0.1198104247450828,-0.5562081336975098
2025-10-19T16:15:00.569,163618,1542815,0,0,0,-10.109420776367188,-0.1207551211118698,0.5498406887054443,-0.1597657203674316,1.4651280641555786,0.0468514710664749,-8.765264511108398,6.024383544921875,1.186298131942749,-0.7987215518951416,-0.5389273166656494,1.632643461227417,9.870583534240724,5.14444637298584,4.376537799835205,0.6415301561355591,-0.0939635634422302,-0.624688982963562
2025-10-19T16:15:00.578,163619,1542824,0,0,0,-9.692829132080078,-0.147091343998909,-0.0463155508041381,-0.1363170146942138,1.6036885976791382,0.0551118105649948,-8.901734352111816,6.093815803527832,0.7337939739227295,-0.96552711725235,-0.5466547012329102,1.8559389114379885,10.423644065856934,5.295281410217285,3.313511848449707,0.8133984208106995,-0.1371304839849472,-0.6793137788772583
2025-10-19T16:15:00.588,163620,1542833,0,0,0,-9.209200859069824,-0.3194738626480102,0.0757887363433837,-0.1067396849393844,1.7635661363601685,0.0708330944180488,-9.069328308105469,6.721096515655518,0.0394754558801651,-0.9713892340660096,-0.6916103363037109,2.1178717613220215,11.07007884979248,5.027130603790283,2.7772107124328613,0.8650920987129211,-0.1222085952758789,-0.7507257461547852
2025-10-19T16:15:00.596,163621,1542842,0,0,0,-8.713601112365723,-0.6043838262557983,-0.2091212272644043,-0.0641056895256042,1.893866181373596,0.0950811803340911,-9.641542434692385,6.759403705596924,0.0514464676380157,-0.8701335191726685,-0.9671325087547302,2.3944597244262695,11.5441312789917,5.340771198272705,2.341466188430786,0.9357047080993652,-0.1019574403762817,-0.8090810179710388
2025-10-19T16:15:00.605,163622,1542851,0,0,0,-8.177299499511719,-0.9970329999923706,-0.7310572266578674,-0.0276003330945968,2.0252320766448975,0.1230597421526908,-10.513031959533691,6.606174945831299,1.12883722782135,-0.8719987273216248,-1.425447940826416,2.654793500900269,11.70454216003418,6.638428211212158,2.1379590034484863,1.0084489583969116,-0.1128824055194854,-0.8565112948417664
2025-10-19T16:15:00.614,163623,1542860,0,0,0,-7.7032470703125,-1.3226443529129028,-0.9513238072395324,-0.0062833279371261,2.157930374145508,0.1518376767635345,-11.0469388961792,6.352389335632324,1.916529655456543,-0.7877966165542603,-2.1091907024383545,2.8892805576324463,11.505824089050291,7.8714423179626465,1.0174726247787476,0.9756740927696228,-0.1715041399002075,-0.8810259103775024
2025-10-19T16:15:00.624,163624,1542869,0,0,0,-7.2770795822143555,-1.6195253133773804,-0.922593355178833,-0.0038851648569107,2.262117385864258,0.1950045973062515,-12.28952980041504,5.732291221618652,1.7968195676803589,-0.336142748594284,-2.6511752605438232,3.145883798599243,11.175423622131348,9.015871047973633,0.991136372089386,0.8331166505813599,-0.2573050558567047,-0.8839569687843323
2025-10-19T16:15:00.633,163625,1542879,0,0,0,-6.668951988220215,-2.1151251792907715,-0.6616253852844238,-0.0403905287384986,2.3191401958465576,0.2610872983932495,-12.866532325744627,4.4011149406433105,1.9213180541992188,0.8133764266967773,-2.7404401302337646,3.4011549949645996,11.350200653076172,10.392536163330078,1.6232056617736816,0.5218884348869324,-0.2018808722496032,-0.7944255471229553
2025-10-19T16:15:00.642,163626,1542888,0,0,0,-6.216447830200195,-2.5628409385681152,-1.085399150848389,-0.1123353987932205,2.3865551948547363,0.3482205271720886,-14.518531799316406,3.3620314598083496,2.488743782043457,2.157679557800293,-2.664232015609741,3.4672374725341797,11.010224342346191,11.97989273071289,2.20260238647461,0.2367736548185348,-0.1685730665922165,-0.6047043204307556
2025-10-19T16:15:00.654,163627,1542897,0,0,0,-5.646627902984619,-2.459890127182007,-0.6424717903137207,-0.2061301916837692,2.4505062103271484,0.4638652503490448,-15.062015533447266,1.851290225982666,1.516697883605957,2.8038508892059326,-1.6442136764526367,3.8357551097869873,10.667853355407717,12.6718168258667,2.1786603927612305,0.0446541979908943,-0.1349987834692001,-0.3390411734580993
2025-10-19T16:15:00.660,163628,1542906,0,0,0,-4.8014750480651855,-1.626707911491394,-0.1516604423522949,-0.3044548630714416,2.408405065536499,0.5374089479446411,-10.28797721862793,1.65496563911438,1.408958911895752,2.764147996902466,-0.7555612921714783,3.4640402793884277,10.141128540039062,12.616750717163086,2.2480921745300293,-0.0566015467047691,-0.0262821000069379,-0.1828941702842712
2025-10-19T16:15:00.669,163629,1542915,0,0,0,-4.320240497589111,-0.4655201733112335,-0.3024951219558716,-0.3697381615638733,2.3860223293304443,0.5328790545463562,-8.020668029785156,3.0124778747558594,2.4552249908447266,2.726044178009033,-0.6002137064933777,2.9569621086120605,9.157111167907717,12.767584800720217,3.275204658508301,-0.4347118139266968,-0.0601228326559066,-0.1285358071327209
2025-10-19T16:15:00.679,163630,1542924,0,0,0,-4.04011869430542,0.6765140295028687,-0.2833415269851684,-0.391055166721344,2.39534854888916,0.4707932472229004,-7.98236083984375,5.547937393188477,3.925264835357666,2.5046136379241943,-0.3414785861968994,2.5961718559265137,8.45800495147705,12.271985054016112,4.589621543884277,-0.7992324829101562,-0.2533081173896789,-0.0914975330233573
2025-10-19T16:15:00.687,163631,1542933,0,0,0,-3.968292713165283,1.7730584144592283,-0.6400775909423828,-0.3806630969047546,2.4132015705108643,0.3879234492778778,-8.090099334716797,8.55026626586914,5.629936218261719,2.282917022705078,-0.0089333998039364,2.4043188095092773,8.381390571594238,10.900107383728027,6.16979455947876,-0.8860992789268494,-0.3649559020996094,-0.0014332197606563
2025-10-19T16:15:00.696,163632,1542942,0,0,0,-3.973081111907959,2.733133316040039,-0.5227617025375366,-0.3255053758621216,2.4265248775482178,0.2938621938228607,-8.118829727172852,11.222195625305176,6.613953113555908,2.2165677547454834,0.073403500020504,2.347562313079834,9.099650382995604,9.14755153656006,7.460269451141357,-0.7112998962402344,-0.4403647780418396,0.0851670876145362
2025-10-19T16:15:00.705,163633,1542951,0,0,0,-4.219683647155762,3.288588047027588,-0.0008257627487182,-0.1909418255090713,2.3958816528320312,0.1872771829366684,-8.104464530944824,13.877365112304688,5.428823471069336,1.9543687105178833,0.0366316810250282,2.3614182472229004,10.91206169128418,8.067767143249512,7.840947151184082,-0.2431252747774124,-0.4504903554916382,0.0851670876145362
2025-10-19T16:15:00.714,163634,1542960,0,0,0,-5.038500785827637,3.68123722076416,-0.3838980197906494,0.0176982879638671,2.4190635681152344,0.0897519290447235,-7.630413055419922,15.615556716918944,3.3458681106567383,0.9098358750343324,0.065409630537033,2.369678497314453,12.738837242126465,8.304792404174805,7.259156227111816,0.4086419641971588,-0.3652223646640777,-0.0603214241564273
2025-10-19T16:15:00.724,163635,1542969,0,0,0,-6.106314659118652,4.054732799530029,-0.958506405353546,0.2282036542892456,2.4840805530548096,0.0148759726434946,-7.697450637817383,16.24523162841797,2.6060597896575928,-0.0664826780557632,0.0747358128428459,2.3265116214752197,13.143457412719728,8.213812828063965,5.863336563110352,0.8816128373146057,-0.2565056681632995,-0.2945419549942016
2025-10-19T16:15:00.732,163636,1542978,0,0,0,-6.712047576904297,3.5639212131500244,-1.0063904523849487,0.4395084083080292,2.4944727420806885,-0.0392159111797809,-8.430076599121094,14.308320999145508,2.1894686222076416,-0.710788905620575,0.1541416347026825,2.282545566558838,12.45871639251709,7.6703290939331055,4.3669610023498535,0.9834015369415284,-0.1858931183815002,-0.4370993673801422
2025-10-19T16:15:00.741,163637,1542987,0,0,0,-7.255531787872315,2.053179979324341,-1.609729290008545,0.6657350063323975,2.47688627243042,-0.0743889585137367,-8.722168922424316,10.927709579467772,1.3778342008590698,-0.9836465716362,0.1749257147312164,2.161038637161255,11.527371406555176,7.397390365600586,3.1531004905700684,0.8507031798362732,-0.1392621845006942,-0.4368329048156738
2025-10-19T16:15:00.750,163638,1542996,0,0,0,-7.952244281768799,0.4849779307842254,-2.1005406379699707,0.8535910844802856,2.466227769851685,-0.0618652179837226,-8.23375129699707,7.185571670532227,1.2150285243988037,-0.935683250427246,0.0774004384875297,1.835155010223389,10.75404453277588,7.411755561828613,1.4220926761627195,0.5200232267379761,-0.1331335455179214,-0.3859385848045349
2025-10-19T16:15:00.759,163639,1543005,0,0,0,-8.191664695739746,-0.8007084131240845,-1.7964770793914795,0.9801607131958008,2.39987850189209,0.0212710741907358,-7.266494274139404,4.951781272888184,-0.2478287518024444,-0.3366756439208984,-0.1496255844831466,1.5614980459213257,10.282386779785156,6.935309410095215,-0.8763409852981567,0.0342621579766273,-0.2615684568881988,-0.3606246411800384
2025-10-19T16:15:00.768,163640,1543014,0,0,0,-8.21081829071045,-1.6554384231567385,-1.1141295433044434,1.0499738454818726,2.2085583209991455,0.1401133388280868,-6.177132606506348,5.456957817077637,-3.274099588394165,0.6444392204284668,-0.3902411758899688,1.5071396827697754,10.023813247680664,6.69110107421875,-2.056682586669922,-0.5935234427452087,-0.488860934972763,-0.3694178760051727
2025-10-19T16:15:00.777,163641,1543023,0,0,0,-8.201241493225098,-2.165403366088867,-0.8986513614654541,1.0656951665878296,2.0278968811035156,0.2573568224906921,-5.257759094238281,7.235849857330322,-4.538238525390625,1.5743932723999023,-0.4643177688121795,1.57029128074646,10.464345932006836,6.159587860107422,-1.9872504472732544,-1.326028823852539,-0.6391457915306091,-0.397396445274353
2025-10-19T16:15:00.787,163642,1543033,0,0,0,-8.428690910339355,-2.2875075340270996,-0.9656890034675598,1.027857542037964,1.933569073677063,0.3583461046218872,-4.908205986022949,10.36985969543457,-3.5973169803619385,1.9647607803344729,-0.3017756640911102,1.665951371192932,11.15866470336914,5.13247537612915,-1.312085747718811,-1.9135786294937136,-0.7324077486991882,-0.4490901827812195
2025-10-19T16:15:00.796,163643,1543042,0,0,0,-8.6968412399292,-1.995414972305298,-1.5809988975524902,0.9409908056259156,1.8232536315917969,0.4060429036617279,-4.288107395172119,13.070518493652344,-2.524714469909668,2.2858481407165527,-0.1752059757709503,1.8197001218795776,11.893684387207031,4.292110443115234,0.2178092002868652,-2.031088590621948,-0.8019543886184692,-0.5063796043395996
2025-10-19T16:15:00.805,163644,1543051,0,0,0,-9.18286418914795,-1.4686906337738037,-2.1699724197387695,0.821082592010498,1.6798968315124512,0.4164349138736725,-3.4668960571289062,14.528587341308594,-2.855114459991455,2.1683380603790283,-0.0643575936555862,2.0152835845947266,12.358159065246582,3.490053176879883,1.6686954498291016,-1.724390149116516,-0.7420003414154053,-0.6225572824478149
2025-10-19T16:15:00.814,163645,1543060,0,0,0,-9.290603637695312,-1.1406850814819336,-2.3471434116363525,0.6899831295013428,1.503498673439026,0.4028453230857849,-2.458937168121338,16.003416061401367,-3.049044609069824,1.384405493736267,0.1091094762086868,2.1069467067718506,12.176199913024902,2.8723490238189697,2.674260139465332,-1.1818724870681765,-0.5735960602760315,-0.7864316701889038
2025-10-19T16:15:00.827,163646,1543069,0,0,0,-9.12540340423584,-0.8174678087234497,-2.471642017364502,0.5575512647628784,1.3316304683685305,0.3921868205070495,-1.616178274154663,17.044893264770508,-2.5151376724243164,0.8429538011550903,0.2724509835243225,2.0848302841186523,11.745244026184082,3.128528594970703,2.968747138977051,-0.6065801382064819,-0.4182483851909637,-0.9377824068069458
2025-10-19T16:15:00.835,163647,1543079,0,0,0,-8.919502258300781,-0.4655201733112335,-2.758945941925049,0.4339126646518707,1.2218478918075562,0.4129709005355835,-1.6951868534088137,16.175798416137695,-1.4999961853027344,0.6295173168182373,0.4453851282596588,1.927617430686951,11.230490684509276,3.643281936645508,2.482724189758301,-0.1829047501087188,-0.4043923616409302,-1.0313106775283811
2025-10-19T16:15:00.841,163648,1543087,0,0,0,-8.395172119140625,-0.233282595872879,-3.285670280456543,0.3409172892570495,1.170686960220337,0.4388177692890167,-3.229870080947876,13.968345642089844,-0.9421472549438475,0.2356857806444168,0.6875995397567749,1.6438348293304443,11.352594375610352,4.277745246887207,2.3366775512695312,0.1461764127016067,-0.3681534826755523,-1.036906361579895
2025-10-19T16:15:00.850,163649,1543096,0,0,0,-7.815774917602539,-0.1183609217405319,-3.709444046020508,0.2841607630252838,1.0955445766448977,0.4076416492462158,-4.857927322387695,12.629985809326172,-2.807230234146118,-0.2756557166576385,0.8490757942199707,1.3989558219909668,11.37653636932373,5.017553806304932,1.130000114440918,0.4829849898815155,-0.2231978625059127,-1.0009340047836304
2025-10-19T16:15:00.859,163650,1543105,0,0,0,-7.478192329406738,-0.0585058778524398,-3.9177398681640625,0.2167457938194275,0.9772351980209352,0.3135803937911987,-5.3176140785217285,12.886165618896484,-3.870255708694458,-0.2793862223625183,0.9167572259902954,1.2358808517456057,11.096415519714355,5.896225929260254,0.1938672065734863,0.8429757952690125,-0.1264719814062118,-0.9519048929214478
2025-10-19T16:15:00.870,163651,1543114,0,0,0,-7.245954513549805,0.0659926235675811,-3.750145435333252,0.108828455209732,0.86878502368927,0.1819479316473007,-5.499573707580566,14.530982971191406,-2.8503260612487793,-0.4126174449920654,1.052919626235962,1.1061135530471802,10.85699462890625,6.497170448303223,-1.508410096168518,1.0689359903335571,-0.142726182937622,-0.8884868025779724
2025-10-19T16:15:00.878,163652,1543123,0,0,0,-7.289050579071045,0.355690985918045,-3.510725498199463,-0.0044180899858474,0.7981724143028259,0.0343277305364608,-5.492391109466553,15.440778732299805,-0.932570457458496,-0.7779374718666077,1.226120114326477,0.9803433418273926,10.758832931518556,7.12205696105957,-1.972885251045227,1.006850242614746,-0.1499206870794296,-0.875430166721344
2025-10-19T16:15:00.886,163653,1543132,0,0,0,-7.729583263397217,0.5161025524139404,-2.6152939796447754,-0.0625069141387939,0.7326226234436035,-0.0786523595452308,-4.675968170166016,15.304309844970703,0.4225477278232574,-1.0888992547988892,1.3564202785491943,0.7807629108428955,11.03656005859375,7.655963897705078,-0.4358078241348266,0.701750636100769,-0.1424597352743148,-0.9721561074256896
2025-10-19T16:15:00.895,163654,1543141,0,0,0,-8.323346138000488,0.4514590799808502,-2.0215320587158203,-0.0433216094970703,0.6726686358451843,-0.0983705818653106,-4.110936641693115,13.930038452148438,1.631619572639465,-1.268494963645935,1.2871400117874146,0.6752437353134155,10.904878616333008,7.569772720336914,2.322312355041504,0.0675699710845947,-0.0995592847466468,-1.0955281257629397
2025-10-19T16:15:00.906,163655,1543150,0,0,0,-8.620226860046387,0.1976737082004547,-2.402209997177124,0.0216952264308929,0.6332321166992188,-0.037883598357439,-4.072629451751709,11.722583770751951,2.821537971496582,-1.2469115257263184,1.0387970209121704,0.6376725435256958,10.22253131866455,7.5386481285095215,5.054096698760986,-0.5199798345565796,-0.1331335455179214,-1.1791973114013672
2025-10-19T16:15:00.913,163656,1543159,0,0,0,-8.486151695251465,-0.024987056851387,-3.2713050842285156,0.0805834233760833,0.5911310911178589,0.04765085875988,-4.726246356964111,10.30042839050293,2.5629639625549316,-1.0022989511489868,0.8767879009246826,0.7423923015594482,9.865795135498049,7.521888732910156,6.21528434753418,-0.677725613117218,-0.2314582020044326,-1.222097873687744
2025-10-19T16:15:00.934,163657,1543168,0,0,0,-8.129415512084961,-0.1446971297264099,-4.200255393981934,0.1042985916137695,0.5434343218803406,0.1227932795882225,-5.753358840942383,9.419361114501951,2.8167495727539062,-0.5477139353752136,0.6500282883644104,0.8798869848251343,9.9160737991333,7.648781776428223,6.062055587768555,-0.3984729051589966,-0.3564291000366211,-1.2282264232635498
2025-10-19T16:15:00.934,163658,1543177,0,0,0,-7.631421089172363,-0.1830043643712997,-4.920910358428955,0.0715237110853195,0.5210514664649963,0.16596020758152,-6.337543964385986,10.19029426574707,2.340303421020508,-0.0904642939567565,0.4456515908241272,1.0653448104858398,10.016630172729492,8.230572700500488,5.343794822692871,0.0462529733777046,-0.4736725986003876,-1.2343549728393557
2025-10-19T16:15:00.943,163659,1543186,0,0,0,-7.090331554412842,-0.3266564607620239,-5.160330295562744,-0.0020199418067932,0.5167880654335022,0.1592986285686493,-6.241775989532471,11.475980758666992,1.2629125118255615,0.2242279052734375,0.3433299958705902,1.2268210649490356,9.928044319152832,8.812363624572754,3.8115057945251465,0.3641427457332611,-0.5528119802474976,-1.2476781606674194
2025-10-19T16:15:00.949,163660,1543196,0,0,0,-6.781479835510254,-0.3984825015068054,-4.133217811584473,-0.0689020156860351,0.4578998684883117,0.1073384508490562,-5.949683666229248,12.864618301391602,0.523104190826416,0.5485127568244934,0.3862304389476776,1.3965576887130735,9.846641540527344,9.37260627746582,2.367802381515503,0.4653984606266022,-0.5648028254508972,-1.248477578163147
2025-10-19T16:15:00.958,163661,1543204,0,0,0,-6.735989570617676,-0.3146854639053345,-3.177931308746338,-0.1269908249378204,0.3526471853256225,0.0481837838888168,-5.832367420196533,13.819904327392578,0.963637351989746,0.6364453434944153,0.4219364523887634,1.5503065586090088,9.887343406677246,9.635969161987305,1.4125158786773682,0.4403509795665741,-0.5429528951644897,-1.2508758306503296
2025-10-19T16:15:00.967,163662,1543213,0,0,0,-7.102302551269531,-0.3577811121940613,-3.173142910003662,-0.140580415725708,0.3342612683773041,0.007415022701025,-6.282477378845215,13.427255630493164,2.0194802284240723,0.4504545032978058,0.4669685959815979,1.5772193670272827,9.746085166931152,9.61920928955078,1.314353585243225,0.2948624491691589,-0.5472162365913391,-1.259669065475464
2025-10-19T16:15:00.976,163663,1543222,0,0,0,-7.822957515716553,-0.0968131124973297,-3.3551025390625,-0.0835574492812156,0.3241357207298279,-0.0008453149348497,-6.323178768157959,12.780820846557615,1.794425368309021,0.1877225339412689,0.4896178841590881,1.5161993503570557,9.592856407165527,9.803563117980955,2.0924692153930664,0.0078823743388056,-0.5227017402648926,-1.2375526428222656
2025-10-19T16:15:00.985,163664,1543231,0,0,0,-8.567554473876953,0.3987866342067718,-3.1420183181762695,0.0091715008020401,0.2210147082805633,0.0417886823415756,-6.095729827880859,12.816734313964844,1.4041705131530762,0.0379706136882305,0.4459180533885956,1.4677032232284546,9.434839248657228,10.064531326293944,2.7508745193481445,-0.2719032168388366,-0.5434858202934265,-1.2023794651031494
2025-10-19T16:15:00.995,163665,1543240,0,0,0,-9.024847030639648,0.6190532445907593,-3.113287925720215,0.1264149844646453,0.1296180784702301,0.1227932795882225,-5.875463485717773,12.823917388916016,1.3491038084030151,0.0262462645769119,0.3936913907527923,1.4343953132629397,9.707777976989746,9.863418579101562,3.270416259765625,-0.3894131779670715,-0.6061044931411743,-1.1783980131149292
2025-10-19T16:15:01.003,163666,1543249,0,0,0,-9.443832397460938,0.7866473197937012,-4.164342403411865,0.2436584830284118,0.1237559095025062,0.2037978619337082,-5.987990856170654,12.220577239990234,0.8558982610702515,-0.0590217299759388,0.3771707415580749,1.4018869400024414,9.870583534240724,9.990310668945312,3.356607437133789,-0.3747577369213104,-0.6492714285850525,-1.15441632270813
2025-10-19T16:15:01.012,163667,1543258,0,0,0,-9.594667434692385,0.9015690088272096,-5.416509628295898,0.2788315117359161,0.1130974143743515,0.2389709055423736,-5.542669296264648,12.594073295593262,-0.1927621066570282,-0.0113249458372592,0.3534555733203888,1.3816357851028442,10.105216026306152,9.94721508026123,2.4252631664276123,-0.345979779958725,-0.6756511926651001,-1.1187103986740112
2025-10-19T16:15:01.021,163668,1543267,0,0,0,-9.352852821350098,0.6621488332748413,-5.648747444152832,0.2540504932403564,0.053409818559885,0.2256477773189544,-5.056646347045898,13.432043075561523,-1.6412540674209597,0.1341635584831237,0.3566531240940094,1.4381258487701416,10.440403938293455,9.42767333984375,0.9264929294586182,-0.2287362962961197,-0.6956358551979065,-1.08513605594635
2025-10-19T16:15:01.033,163669,1543276,0,0,0,-8.893165588378906,0.2287983298301696,-5.801976203918457,0.2314011752605438,0.0027819499373435,0.1856784075498581,-4.6783623695373535,13.489503860473633,-2.299659490585327,0.1277684718370437,0.4011523723602295,1.4354612827301023,10.75404453277588,8.833911895751953,-0.0263993740081787,-0.0467424355447292,-0.5727967023849487,-1.0856690406799316
2025-10-19T16:15:01.039,163670,1543285,0,0,0,-8.56994915008545,0.099511444568634,-6.0581560134887695,0.1938299834728241,0.0078447312116622,0.1385145634412765,-4.618507385253906,13.57809066772461,-2.3331782817840576,0.0718113481998443,0.3713085651397705,1.3600523471832275,10.442797660827637,9.329511642456056,-0.6297382116317749,0.1920079439878463,-0.4211795032024383,-1.110982894897461
2025-10-19T16:15:01.048,163671,1543294,0,0,0,-8.344893455505371,0.1186650395393371,-5.545796871185303,0.1418698132038116,-0.0100082606077194,0.0857549905776977,-4.71666955947876,14.004257202148438,-2.1177003383636475,-0.0174535810947418,0.303627073764801,1.3219482898712158,9.904102325439451,9.944820404052734,-1.2067407369613647,0.3843938708305359,-0.3886710703372955,-1.1141804456710815
2025-10-19T16:15:01.057,163672,1543303,0,0,0,-8.419114112854004,-0.0680826902389526,-5.332712650299072,0.0925742536783218,-0.0406514406204223,0.042055144906044,-5.219451904296875,13.863000869750977,-1.1719905138015747,-0.1488195806741714,0.2783131599426269,1.301164150238037,9.722143173217772,10.337470054626465,-0.9505611658096312,0.3311013579368591,-0.3852070569992065,-1.084869623184204
2025-10-19T16:15:01.066,163673,1543312,0,0,0,-8.828522682189941,-0.4176361262798309,-5.490730285644531,0.066194474697113,-0.0305258631706237,0.0324624925851821,-5.588159084320068,13.123191833496094,-0.592593789100647,-0.3428042531013489,0.2812442481517792,1.241743087768555,9.70298957824707,10.921655654907228,0.3734323382377624,0.095282070338726,-0.2900799512863159,-1.0534271001815796
2025-10-19T16:15:01.075,163674,1543321,0,0,0,-9.510869979858398,-0.6953635215759277,-5.461999893188477,0.0651286095380783,-0.0283941626548767,0.0609739795327186,-5.42774772644043,13.353034973144531,0.3339622616767883,-0.3968961536884308,0.2490022778511047,1.190848708152771,9.310340881347656,11.635128021240234,1.3789970874786377,-0.1277470290660858,-0.2229313999414444,-1.0560916662216189
2025-10-19T16:15:01.084,163675,1543330,0,0,0,-10.21955394744873,-0.6474795341491699,-5.368625640869141,0.0582005977630615,-0.0513099431991577,0.1105360016226768,-5.446901321411133,14.049747467041016,1.155173420906067,-0.3710493147373199,0.2506010830402374,1.1602054834365845,8.96796989440918,12.066083908081056,2.233726978302002,-0.358503520488739,-0.2333234250545501,-1.0616873502731323
2025-10-19T16:15:01.093,163676,1543339,0,0,0,-10.870776176452637,-0.4008767008781433,-5.653535842895508,0.0163659751415252,-0.046780064702034,0.1547687649726867,-5.557034492492676,14.044960021972656,0.5997186899185181,-0.3476006090641022,0.3332044184207916,1.1362237930297852,9.434839248657228,11.967921257019045,3.0573325157165527,-0.5865954756736755,-0.2133387625217437,-1.0310442447662354
2025-10-19T16:15:01.102,163677,1543348,0,0,0,-11.050341606140137,-0.2955318391323089,-5.847465991973877,-0.0441209971904754,-0.0574385672807693,0.1856784075498581,-5.298460483551025,14.059324264526367,0.9061764478683472,-0.2783203423023224,0.3809011876583099,1.1237001419067385,9.655105590820312,11.36937141418457,2.9759297370910645,-0.6646689176559448,-0.2128058224916458,-0.9857456684112548
2025-10-19T16:15:01.111,163678,1543357,0,0,0,-10.667269706726074,-0.2859550416469574,-5.96717643737793,-0.0870214626193046,-0.0960756242275238,0.1952710747718811,-5.073405742645264,13.82708740234375,0.5997186899185181,-0.2623326182365417,0.3558537364006042,1.1146403551101685,9.652711868286133,10.718148231506348,2.786787509918213,-0.4877378344535827,-0.2130722850561142,-0.9428452253341676
2025-10-19T16:15:01.122,163679,1543366,0,0,0,-10.03041172027588,0.0061375647783279,-5.974359035491943,-0.1181975752115249,-0.1507004350423813,0.1747534573078155,-4.934542179107666,13.760049819946287,0.6188722848892212,-0.2058425545692443,0.2474035024642944,1.069608211517334,9.142745971679688,10.421266555786133,1.9775474071502688,-0.1519951075315475,-0.2109405994415283,-0.8906185626983643
2025-10-19T16:15:01.129,163680,1543375,0,0,0,-9.292997360229492,0.4801895320415497,-5.766063213348389,-0.1571010947227478,-0.2143849581480026,0.1363828480243683,-4.845956325531006,14.418455123901367,0.4608549475669861,-0.184792011976242,0.1797220408916473,1.0602819919586182,8.800375938415527,10.90968418121338,1.393362283706665,0.223716989159584,-0.2844842374324798,-0.8181407451629639
2025-10-19T16:15:01.138,163681,1543385,0,0,0,-8.644168853759766,0.7698879241943359,-5.0861101150512695,-0.1842802613973617,-0.2468933910131454,0.0860214605927467,-5.092559337615967,14.37775421142578,0.4895853698253631,-0.2567369043827057,0.1695964634418487,1.0466924905776978,9.073314666748049,11.690194129943848,1.132394313812256,0.3918548226356506,-0.3593601882457733,-0.7448635697364807
2025-10-19T16:15:01.151,163682,1543393,0,0,0,-8.560372352600098,0.7507343292236328,-4.880208969116211,-0.1608315706253051,-0.1967984586954116,0.0401899069547653,-5.286489486694336,14.236495971679688,0.7361881732940674,-0.3284153044223785,0.1570727378129959,0.9790109992027284,9.312734603881836,12.497039794921877,1.1994318962097168,0.351885437965393,-0.4078563749790191,-0.7163520455360413
2025-10-19T16:15:01.157,163683,1543402,0,0,0,-9.041606903076172,0.7052444219589233,-4.997524738311768,-0.0990122705698013,-0.1275182068347931,0.0084808729588985,-5.1859331130981445,14.236495971679688,0.6547852754592896,-0.429671049118042,0.0976515933871269,0.9393081068992616,9.204995155334473,12.640691757202148,1.357449293136597,0.1221947744488716,-0.3662882149219513,-0.7190166711807251
2025-10-19T16:15:01.165,163684,1543411,0,0,0,-9.59945583343506,0.456247478723526,-5.090898513793945,-0.0387917459011077,-0.0995396524667739,-0.0021776258945465,-4.869898319244385,14.42803192138672,0.3363564610481262,-0.5050798654556274,0.0305030476301908,0.9025362730026244,9.066131591796877,12.437185287475586,1.2449218034744265,-0.0419461093842983,-0.3193908333778381,-0.7275434732437134
2025-10-19T16:15:01.174,163685,1543420,0,0,0,-9.958585739135742,0.08993461728096,-5.421298027038574,-0.0121455043554306,-0.0768903344869613,0.0122113469988107,-4.3886637687683105,14.636327743530272,0.3507216870784759,-0.5938118696212769,-0.0203912854194641,0.8641656637191772,9.212178230285645,11.850605010986328,1.1012696027755735,-0.1613212972879409,-0.2994061410427093,-0.7264776825904846
2025-10-19T16:15:01.186,163686,1543429,0,0,0,-10.07350730895996,-0.2955318391323089,-5.754092216491699,-0.0246692448854446,-0.0686299949884414,0.0404563695192337,-3.967284202575683,14.210159301757812,-0.4082402884960174,-0.7547552585601807,-0.0078675504773855,0.8335224986076355,9.501876831054688,11.17783546447754,1.0629624128341677,-0.2337990850210189,-0.2850171625614166,-0.6966338157653809
2025-10-19T16:15:01.198,163687,1543438,0,0,0,-9.937037467956545,-0.5995954275131226,-5.945628643035889,-0.0593093633651733,-0.0923451632261276,0.0798928141593933,-3.5722410678863525,13.764837265014648,-0.9110225439071656,-0.8040508031845093,-0.0004066005349159,0.795951247215271,9.896920204162598,10.495487213134766,0.4404699802398681,-0.1450670808553695,-0.2735592722892761,-0.6734516024589539
2025-10-19T16:15:01.207,163688,1543447,0,0,0,-9.628186225891112,-0.7959200143814087,-6.17068338394165,-0.0800934433937072,-0.1205901801586151,0.120395116508007,-3.4142236709594727,13.367401123046877,-1.387468695640564,-0.7784703969955444,0.0339670553803443,0.7975500822067261,9.351041793823242,10.268037796020508,-0.3998948335647583,0.1171319857239723,-0.2231978625059127,-0.6539998650550842
2025-10-19T16:15:01.214,163689,1543457,0,0,0,-9.319334030151367,-0.446366548538208,-5.991118431091309,-0.0856891497969627,-0.1800113171339035,0.1470413506031036,-3.1795918941497803,13.513446807861328,-1.167202115058899,-0.6082009077072144,0.0853943154215812,0.8039451241493225,9.006277084350586,10.382959365844728,-0.9433785676956176,0.3191105425357818,-0.1485883742570877,-0.6446737051010132
2025-10-19T16:15:01.222,163690,1543466,0,0,0,-9.15892219543457,0.2910475432872772,-5.995906829833984,-0.0811592862010002,-0.2386330515146255,0.1481072008609771,-3.1149485111236572,14.083267211914062,-1.2055094242095947,-0.4240753054618835,0.1480130106210708,0.8351212739944458,9.228937149047852,10.892925262451172,-0.914648175239563,0.3191105425357818,-0.0635868459939956,-0.6444071531295776
2025-10-19T16:15:01.231,163691,1543475,0,0,0,-9.278632164001465,0.8991748094558716,-6.192231178283691,-0.0744977220892906,-0.2426299899816513,0.1329188495874405,-3.0359396934509277,14.526193618774414,-1.0738283395767212,-0.3497323095798492,0.1682641506195068,0.8641656637191772,9.46596336364746,11.017423629760742,-0.9936567544937134,0.2466327548027038,-0.0254827104508876,-0.6438742876052856
2025-10-19T16:15:01.239,163692,1543484,0,0,0,-9.685647010803224,1.2056326866149902,-6.108434200286865,-0.0787611305713653,-0.2335702627897262,0.1153323277831077,-2.8683457374572754,14.545347213745115,-0.4968257248401642,-0.4027583599090576,0.1168368905782699,0.8721595406532288,9.497088432312012,10.99827003479004,-0.349616527557373,0.0212054960429668,0.0435310751199722,-0.6393444538116455
2025-10-19T16:15:01.248,163693,1543494,0,0,0,-10.18842887878418,1.0045197010040283,-5.9935126304626465,-0.090751938521862,-0.2183818966150283,0.1062726005911827,-2.6049835681915283,14.519010543823242,-0.2454345524311065,-0.508010983467102,0.034233521670103,0.8521748781204224,9.281610488891602,11.42922592163086,0.361461341381073,-0.0957715362310409,0.0909613892436027,-0.6489371061325073
2025-10-19T16:15:01.259,163694,1543503,0,0,0,-10.461368560791016,0.4586416780948639,-5.56016206741333,-0.0923507064580917,-0.1991966217756271,0.1022756695747375,-2.698357343673706,14.777585983276367,0.0394754558801651,-0.5719619989395142,0.0190451610833406,0.8100737929344177,9.025430679321287,12.07326602935791,0.7684755921363831,-0.0779185444116592,0.1104131489992141,-0.6742510199546814
2025-10-19T16:15:01.266,163695,1543512,0,0,0,-10.470945358276367,-0.0465348660945892,-5.483547687530518,-0.0995451956987381,-0.1874722689390182,0.0996110439300537,-2.9569311141967773,15.062494277954102,0.4464897513389587,-0.6042039394378662,0.0550175942480564,0.7407935261726379,9.190629959106444,12.425213813781738,0.5984873175621033,-0.0400808714330196,0.0552554205060005,-0.7363367676734924
2025-10-19T16:15:01.275,163696,1543521,0,0,0,-10.332080841064451,-0.4176361262798309,-5.677477836608887,-0.1219280511140823,-0.1733497530221939,0.0916171669960022,-3.653643846511841,15.076860427856444,0.6188722848892212,-0.6513677835464478,0.1288277059793472,0.687501072883606,8.989517211914062,12.475492477416992,0.9576175212860109,-0.0272906720638275,0.1511819213628769,-0.7272770404815674
2025-10-19T16:15:01.288,163697,1543530,0,0,0,-10.382359504699709,-0.5062215924263,-5.809158802032471,-0.1349847018718719,-0.1730832904577255,0.0790934264659881,-3.9505248069763184,14.92363166809082,1.1791154146194458,-0.653232991695404,0.1402855962514877,0.6355409026145935,8.57532024383545,12.27437973022461,1.050991415977478,-0.0363503992557525,0.1661038249731063,-0.6950350403785706
2025-10-19T16:15:01.293,163698,1543539,0,0,0,-10.566713333129885,-0.147091343998909,-5.948022842407227,-0.1267243772745132,-0.1781460791826248,0.0769617334008216,-4.0606584548950195,14.81349754333496,1.5861297845840454,-0.6223233342170715,0.1093759462237358,0.6219512820243835,8.304776191711426,12.224101066589355,1.4340636730194092,-0.0137010868638753,0.1727653741836547,-0.6494699716567993
2025-10-19T16:15:01.302,163699,1543548,0,0,0,-10.662481307983398,0.5137083530426025,-5.806764602661133,-0.0987458080053329,-0.1962655037641525,0.080692209303379,-3.96010160446167,14.878141403198242,2.3450918197631836,-0.5474474430084229,0.0592809915542602,0.621151864528656,8.367025375366211,12.41324234008789,2.0421910285949707,-0.0510058365762233,0.1882202178239822,-0.6097670793533325
2025-10-19T16:15:01.311,163700,1543557,0,0,0,-10.612202644348145,1.112258791923523,-5.737332820892334,-0.0638392269611358,-0.2183818966150283,0.0828239098191261,-3.919400215148926,14.590837478637695,2.670703172683716,-0.4691075384616852,0.0107848234474658,0.6216848492622375,8.434062957763672,12.499433517456056,2.5521559715270996,-0.1072294190526008,0.1461191326379776,-0.5735281705856323
2025-10-19T16:15:01.320,163701,1543566,0,0,0,-10.497281074523926,1.3421021699905396,-5.904926776885986,-0.0422557666897773,-0.2183818966150283,0.0822909772396087,-3.691951036453247,14.554924011230469,2.754500150680542,-0.4043571054935455,-0.0369119606912136,0.5833142399787903,8.295199394226074,12.544923782348633,3.112399101257324,-0.2508527040481567,0.1104131489992141,-0.5351575613021851
2025-10-19T16:15:01.329,163702,1543575,0,0,0,-10.499675750732422,1.2008442878723145,-5.991118431091309,-0.0339954271912574,-0.1954661458730697,0.0697672441601753,-3.512385845184326,14.660268783569336,3.0130739212036133,-0.4059559106826782,-0.0811447352170944,0.5241595506668091,8.079720497131348,12.511404991149902,3.143523693084717,-0.2332661598920822,0.04059998691082,-0.4989186525344848
2025-10-19T16:15:01.340,163703,1543584,0,0,0,-10.68402862548828,0.7938299179077148,-5.931263446807861,-0.0305314138531684,-0.1688198894262313,0.0457856208086013,-3.2801482677459717,14.756036758422852,2.8502683639526367,-0.4027583599090576,-0.1197817921638488,0.4359605014324188,7.505112648010254,12.729277610778809,3.708555221557617,-0.2148802429437637,-0.0971611142158508,-0.4752035140991211
2025-10-19T16:15:01.348,163704,1543593,0,0,0,-10.909083366394045,0.3269605934619903,-5.73015022277832,-0.0142772048711776,-0.1562961488962173,0.0164747480303049,-3.4668960571289062,15.474298477172852,2.5653584003448486,-0.3995607793331146,-0.1344372183084488,0.3621504306793213,8.42448616027832,12.825045585632324,2.72214412689209,0.0262682810425758,-0.0409375317394733,-0.4394975304603576
2025-10-19T16:15:01.356,163705,1543602,0,0,0,-11.083860397338867,-0.0130160450935363,-5.73015022277832,0.0059739351272583,-0.1501675099134445,-0.0091056507080793,-3.562664270401001,15.605979919433594,2.5055031776428223,-0.3883693516254425,-0.1192488670349121,0.317118227481842,8.455610275268555,13.26318359375,2.298370361328125,0.1267246454954147,-0.0841044634580612,-0.4013933837413788
2025-10-19T16:15:01.365,163706,1543611,0,0,0,-11.335251808166504,-0.0920246988534927,-5.96717643737793,0.0262250900268554,-0.1416407227516174,-0.0163001380860805,-3.689556837081909,15.584430694580078,2.780836343765259,-0.3707828223705292,-0.1352366060018539,0.2808793187141418,8.42448616027832,13.31346321105957,2.1786603927612305,0.1096710413694381,-0.0950294211506843,-0.3750135898590088
2025-10-19T16:15:01.374,163707,1543620,0,0,0,-11.531576156616213,0.0181085765361785,-6.161106586456299,0.0358177423477172,-0.1445718109607696,-0.0043093264102935,-3.6416728496551514,15.35698127746582,2.627607583999634,-0.3667858839035034,-0.1656133383512497,0.2592958807945251,8.256892204284668,13.306280136108398,1.965576410293579,0.0132116237655282,-0.1038226783275604,-0.3520978093147278
2025-10-19T16:15:01.383,163708,1543629,0,0,0,-11.502845764160156,0.2551345527172088,-6.347854137420654,0.0275574028491973,-0.1437724083662033,0.0132771972566843,-3.4429540634155273,15.378530502319336,2.397764205932617,-0.3366756439208984,-0.196522980928421,0.2310508489608764,8.345477104187012,13.25839614868164,1.683060646057129,-0.0550027713179588,-0.1485883742570877,-0.3206552565097809
2025-10-19T16:15:01.392,163709,1543638,0,0,0,-11.34004020690918,0.4969489276409149,-6.455593585968018,0.0153001248836517,-0.1245871186256408,0.0151424352079629,-3.316061496734619,15.40726089477539,2.141584634780884,-0.3086971044540405,-0.2071814686059951,0.1889497935771942,8.493917465209961,13.00700569152832,1.560956358909607,-0.0920410528779029,-0.1640431880950927,-0.2966736555099487
2025-10-19T16:15:01.401,163710,1543647,0,0,0,-11.217935562133787,0.6645430326461792,-6.4364399909973145,0.0081056356430053,-0.1003390401601791,-0.0016447026282548,-3.2442352771759033,15.366558074951172,1.8518861532211304,-0.2567369043827057,-0.193058967590332,0.1356572955846786,8.465187072753906,12.731672286987305,1.369420289993286,-0.0600655563175678,-0.1656419783830642,-0.2713597118854522
2025-10-19T16:15:01.410,163711,1543656,0,0,0,-11.239483833312988,0.6334184408187866,-6.465170383453369,0.0075727254152297,-0.0648995190858841,-0.0285574123263359,-3.1771976947784424,15.294733047485352,1.3395270109176636,-0.2074413299560547,-0.1584188491106033,0.0804995521903038,8.477158546447754,12.520981788635254,0.8474842309951782,0.0129451612010598,-0.1715041399002075,-0.2377854287624359
2025-10-19T16:15:01.419,163712,1543665,0,0,0,-11.3160982131958,0.3963924348354339,-6.44122838973999,0.0123690366744995,-0.026528924703598,-0.0586676746606826,-3.0239686965942383,15.328250885009766,0.9229358434677124,-0.1592116206884384,-0.1200482621788978,0.0253418236970901,8.570531845092773,12.456338882446287,0.3494903445243835,0.098479613661766,-0.1629773527383804,-0.2082081139087677
2025-10-19T16:15:01.428,163713,1543674,0,0,0,-11.414259910583496,0.0635983943939209,-6.3191237449646,0.0190306007862091,-0.0108076408505439,-0.0855803787708282,-3.0215744972229004,15.292339324951172,0.7625243663787842,-0.1341641396284103,-0.0864739790558815,-0.0300823748111724,8.541801452636719,12.446762084960938,0.2058382034301757,0.1216618493199348,-0.1040891483426094,-0.1900886595249176
2025-10-19T16:15:01.438,163714,1543683,0,0,0,-11.668045997619627,-0.142302930355072,-6.474747180938721,0.0192970633506774,0.0022490248084068,-0.0863797664642334,-3.0431225299835205,15.153474807739258,0.966031551361084,-0.0981917083263397,-0.0707526952028274,-0.090036429464817,8.33350658416748,12.406060218811035,0.1866846084594726,0.0755638405680656,-0.0337430462241172,-0.1775649189949035
2025-10-19T16:15:01.446,163715,1543692,0,0,0,-11.878735542297363,-0.1782159656286239,-6.546573162078857,0.0118361264467239,0.0129075199365615,-0.0623981431126594,-3.028757095336914,14.902084350585938,1.1791154146194458,-0.0598211102187633,-0.0507680103182792,-0.1393319815397262,8.242526054382324,12.300715446472168,0.4261047840118408,0.0068165240809321,-0.0092284986749291,-0.1589125394821167
2025-10-19T16:15:01.455,163716,1543701,0,0,0,-11.960138320922852,-0.1542739570140838,-6.644735336303711,0.0065068751573562,0.0067788884043693,-0.0365512855350971,-2.858768939971924,14.988275527954102,1.1839038133621216,-0.0131901800632476,-0.0238552968949079,-0.1838312298059463,8.39096736907959,12.638298034667969,0.7373510003089905,-0.054469846189022,0.0038281620945781,-0.1322662830352783
2025-10-19T16:15:01.464,163717,1543710,0,0,0,-11.897889137268066,-0.0752652883529663,-6.788387298583984,-0.0014870017766952,-0.0012149885296821,-0.0192312244325876,-2.741452932357788,15.254032135009766,1.2269995212554932,0.0435663238167762,0.0022580246441066,-0.218471348285675,8.57292652130127,12.628721237182615,0.6703133583068848,-0.064861886203289,0.0104897245764732,-0.1277364194393158
2025-10-19T16:15:01.481,163718,1543719,0,0,0,-11.720718383789062,0.1354244649410247,-7.049355506896973,-0.018007680773735,-0.0044125393033027,-0.0123032005503773,-2.52358078956604,15.242059707641602,1.1479908227920532,0.0723442733287811,0.0155811496078968,-0.260838896036148,8.659117698669434,12.39887809753418,0.809177041053772,-0.0589997097849845,0.0384682826697826,-0.1351973712444305
2025-10-19T16:15:01.483,163719,1543728,0,0,0,-11.435808181762695,0.312595397233963,-7.1618828773498535,-0.0398576036095619,-0.0190679728984832,-0.0197641495615243,-2.367957592010498,15.392894744873049,0.7242171764373779,0.0867332518100738,0.0456914044916629,-0.3127990663051605,8.707001686096191,12.350994110107422,0.7828408479690552,-0.0651283487677574,0.0645816102623939,-0.1181437820196151
2025-10-19T16:15:01.494,163720,1543738,0,0,0,-11.086255073547363,0.3078069984912872,-6.826694488525391,-0.0505160987377166,-0.0387861877679824,-0.0528054982423782,-2.3751401901245117,15.59161376953125,0.745764970779419,0.1075173169374466,0.0925888046622276,-0.3663580119609833,8.766857147216797,12.317474365234377,0.1818962097167968,0.0212054960429668,0.0776382684707641,-0.1029554158449173
2025-10-19T16:15:01.501,163721,1543747,0,0,0,-10.983304023742676,0.2886533439159393,-6.4579877853393555,-0.0534471943974494,-0.0534416288137435,-0.088245004415512,-2.633713960647583,15.450355529785156,0.8463214635848999,0.1075173169374466,0.1344234198331833,-0.4265785217285156,8.714183807373047,12.494646072387695,0.1962614059448242,0.098479613661766,0.1261344403028488,-0.1093505173921585
2025-10-19T16:15:01.510,163722,1543756,0,0,0,-11.083860397338867,0.3269605934619903,-6.180260181427002,-0.0515819564461708,-0.062767818570137,-0.1060979887843132,-2.9593253135681152,15.23248291015625,1.12883722782135,0.1171099692583084,0.1498782336711883,-0.4961252510547638,8.345477104187012,12.729277610778809,0.4356815814971924,0.076096773147583,0.1780946254730224,-0.1176108568906784
2025-10-19T16:15:01.519,163723,1543765,0,0,0,-11.411866188049316,0.3987866342067718,-6.206596374511719,-0.0494502484798431,-0.0553068816661834,-0.1034333631396293,-3.1724092960357666,15.084043502807615,1.5621877908706665,0.1448220759630203,0.1397526711225509,-0.5595433712005615,8.141969680786133,12.913631439208984,0.6391887068748474,-0.0272906720638275,0.1946153044700622,-0.1106828302145004
2025-10-19T16:15:01.529,163724,1543774,0,0,0,-11.751842498779297,0.3389315903186798,-6.084492206573486,-0.0534471943974494,-0.0518428534269332,-0.0906431674957275,-3.229870080947876,15.045736312866213,1.7082340717315674,0.1994468867778778,0.1248307600617408,-0.6178986430168152,8.309564590454102,12.995033264160156,1.3239303827285769,-0.1626536101102829,0.2311206609010696,-0.1010901778936386
2025-10-19T16:15:01.537,163725,1543783,0,0,0,-11.936196327209473,0.0707810223102569,-6.108434200286865,-0.0563782751560211,-0.0633007586002349,-0.0826492980122566,-3.2418410778045654,15.045736312866213,1.7130224704742432,0.2378174811601638,0.1266960054636001,-0.6685264706611633,8.290410995483398,12.655057907104492,1.474765062332153,-0.2356643229722976,0.2439108490943908,-0.0856353640556335
2025-10-19T16:15:01.547,163726,1543792,0,0,0,-11.991263389587402,-0.2189173996448516,-6.2568745613098145,-0.0609081387519836,-0.0771567970514297,-0.0847809910774231,-3.1484673023223877,15.10319709777832,1.5621877908706665,0.2652631103992462,0.1408185064792633,-0.7314116358757019,8.350265502929688,12.322263717651367,1.462794065475464,-0.1948955804109573,0.2148664593696594,-0.0422019734978675
2025-10-19T16:15:01.556,163727,1543802,0,0,0,-11.988868713378906,-0.2596188187599182,-6.472352981567383,-0.0728989541530609,-0.0931445360183715,-0.086113303899765,-3.0814297199249268,14.99066925048828,1.306008219718933,0.265796035528183,0.1754586398601532,-0.7815065979957581,8.493917465209961,11.920037269592283,1.3430839776992798,-0.0867118090391159,0.2010104060173034,-0.0054301545023918
2025-10-19T16:15:01.567,163728,1543811,0,0,0,-11.76860237121582,-0.0752652883529663,-6.314335346221924,-0.0734318792819976,-0.1331139206886291,-0.0874456167221069,-2.9521427154541016,14.909265518188477,1.25333571434021,0.2916428744792938,0.1866500675678253,-0.8332002758979797,8.283227920532227,11.73568344116211,1.3335071802139282,0.0387920215725898,0.2124682962894439,0.0254794955253601
2025-10-19T16:15:01.576,163729,1543820,0,0,0,-11.423837661743164,0.2694997489452362,-6.244903564453125,-0.0720995664596557,-0.1802777796983719,-0.0935742482542991,-2.923412322998047,14.99545669555664,1.4831790924072266,0.3260165452957153,0.1818537414073944,-0.8763672113418579,8.199430465698242,12.228889465332031,1.0270494222640991,0.1704244911670684,0.1887531280517578,0.0518592819571495
2025-10-19T16:15:01.588,163730,1543829,0,0,0,-11.06949520111084,0.5424387454986572,-6.074915409088135,-0.0848897621035575,-0.1981307715177536,-0.0941071808338165,-3.1508615016937256,15.119956970214844,1.641196370124817,0.3390731811523437,0.1695964634418487,-0.90567809343338,8.558561325073242,12.628721237182615,1.2353448867797852,0.1661610901355743,0.1682355105876922,0.076640285551548
2025-10-19T16:15:01.595,163731,1543838,0,0,0,-10.722335815429688,0.5807459354400635,-5.797187805175781,-0.1059402972459793,-0.2095886319875717,-0.0957059562206268,-3.565058469772339,14.947572708129885,1.691474676132202,0.3555938899517059,0.141884371638298,-0.9464468359947203,8.623204231262207,13.07643699645996,1.7285504341125488,0.041190180927515,0.1930165290832519,0.0883646383881568
2025-10-19T16:15:01.605,163732,1543847,0,0,0,-10.748672485351562,0.3892098367214203,-5.804370403289795,-0.1240597441792488,-0.2061246484518051,-0.1026339754462242,-3.96010160446167,14.732095718383787,1.801607966423035,0.3809078335762024,0.1088430136442184,-0.9989399909973145,8.237737655639648,13.279943466186523,1.802770733833313,-0.0294223725795745,0.2095371931791305,0.0867658630013465
2025-10-19T16:15:01.614,163733,1543856,0,0,0,-11.09343719482422,0.1545780599117279,-5.610440254211426,-0.1331194639205932,-0.1949331909418106,-0.1015681251883506,-4.288107395172119,14.7464599609375,1.73935866355896,0.4190119206905365,0.0766010507941246,-1.0367776155471802,7.988741397857666,13.234453201293944,1.6974258422851562,-0.0704575926065445,0.2060731947422027,0.1014213040471077
2025-10-19T16:15:01.626,163734,1543865,0,0,0,-11.471721649169922,-0.0225928574800491,-5.576921463012695,-0.1408468782901764,-0.1794783920049667,-0.0911760926246643,-4.5802001953125,14.698575973510742,1.1839038133621216,0.4808312654495239,0.0627450048923492,-1.0743489265441897,8.060566902160645,12.880111694335938,1.6950316429138184,-0.0478082820773124,0.1818251013755798,0.1483186781406402
2025-10-19T16:15:01.634,163735,1543874,0,0,0,-11.670439720153809,-0.0082276463508605,-5.576921463012695,-0.1491072177886963,-0.1757479161024093,-0.0823828354477882,-4.728640556335449,14.837440490722656,0.6499968767166138,0.5629017353057861,0.0574157573282718,-1.1073901653289795,8.383784294128418,12.985456466674805,1.2305564880371094,0.0363938584923744,0.1695678234100341,0.221062958240509
2025-10-19T16:15:01.644,163736,1543884,0,0,0,-11.675228118896484,0.1617606878280639,-5.524249076843262,-0.1432450413703918,-0.2085228115320205,-0.088245004415512,-4.707092761993408,15.263608932495115,0.4656433463096618,0.595943033695221,0.0568828321993351,-1.1127194166183472,8.702213287353516,13.176992416381836,0.7660813927650452,0.1483081132173538,0.1906183660030365,0.2557030916213989
2025-10-19T16:15:01.650,163737,1543893,0,0,0,-11.62255573272705,0.4538532793521881,-5.586498260498047,-0.1373828649520874,-0.2293068915605545,-0.0959724187850952,-4.711881160736084,15.395288467407228,0.5757766366004944,0.5631681680679321,0.0262396484613418,-1.11964750289917,8.857836723327637,13.002216339111328,0.9145219326019288,0.1816159188747406,0.2873442471027374,0.2799511551856994
2025-10-19T16:15:01.657,163738,1543903,0,0,0,-11.48608684539795,0.7315807342529297,-5.653535842895508,-0.1416462659835815,-0.2247770279645919,-0.1021010503172874,-4.920176982879639,15.134321212768556,0.8774460554122925,0.5330578684806824,-0.028118697926402,-1.154021143913269,8.671088218688965,13.040523529052734,1.0773276090621948,0.1672269403934478,0.3563580214977264,0.30952849984169
2025-10-19T16:15:01.670,163739,1543912,0,0,0,-11.352010726928713,0.7603111267089844,-5.687054634094238,-0.1517718434333801,-0.2109209448099136,-0.1108943149447441,-5.245788097381592,14.782373428344728,1.064193844795227,0.5104085803031921,-0.0880727544426918,-1.198520302772522,8.225767135620117,13.244029998779297,1.2425276041030884,0.0979466959834098,0.3888664543628692,0.3500308096408844
2025-10-19T16:15:01.675,163740,1543921,0,0,0,-11.165263175964355,0.5615923404693604,-5.5290374755859375,-0.1632297337055206,-0.2098551243543625,-0.1207534223794937,-5.583370685577393,14.516616821289062,0.8511098623275757,0.4739032089710235,-0.1216470301151275,-1.2701988220214844,7.936069011688232,13.50020980834961,1.3071709871292114,0.074764460325241,0.3712799251079559,0.399326354265213
2025-10-19T16:15:01.684,163741,1543930,0,0,0,-10.980910301208496,0.2886533439159393,-5.3710198402404785,-0.1685589849948883,-0.2007953971624374,-0.1362082660198211,-5.875463485717773,14.466339111328123,0.4129709303379059,0.4648435115814209,-0.1624157875776291,-1.3488051891326904,7.991135597229004,13.404441833496094,1.1826725006103516,0.084890030324459,0.336639791727066,0.4646096527576446
2025-10-19T16:15:01.693,163742,1543939,0,0,0,-10.858805656433104,0.0540215969085693,-5.227367877960205,-0.1563017070293426,-0.1925350576639175,-0.1559264808893203,-6.1579790115356445,14.418455123901367,0.0969363003969192,0.4411283135414123,-0.1898614168167114,-1.422881841659546,8.314352989196777,13.00700569152832,1.074933409690857,0.1293892711400985,0.329711765050888,0.5392191410064697
2025-10-19T16:15:01.702,163743,1543948,0,0,0,-10.837257385253906,0.0109259635210037,-5.1531476974487305,-0.1315206885337829,-0.1957326084375381,-0.1711148470640182,-6.339938163757324,14.349023818969728,0.1759449541568756,0.3873029053211212,-0.2183729112148285,-1.4950932264328003,8.4484281539917,12.61435604095459,1.0150784254074097,0.1890768557786941,0.369947612285614,0.6204901933670044
2025-10-19T16:15:01.711,163744,1543957,0,0,0,-10.86359405517578,0.0276853740215301,-5.143570899963379,-0.1056738346815109,-0.1967984586954116,-0.1729800701141357,-6.476408004760742,14.36817741394043,0.4847969710826874,0.3446689248085022,-0.2591416537761688,-1.549185037612915,8.39336109161377,13.083620071411133,0.993530571460724,0.2937966287136078,0.4173779487609863,0.6919021606445312
2025-10-19T16:15:01.720,163745,1543966,0,0,0,-10.877959251403809,0.1090882420539856,-5.136388301849365,-0.0800934433937072,-0.2050587683916092,-0.168183758854866,-6.687097549438477,14.624357223510742,0.968425750732422,0.3265494704246521,-0.3332182168960571,-1.5691696405410769,8.304776191711426,13.902437210083008,1.1132407188415527,0.3502866625785827,0.4381620287895202,0.7182819247245789
2025-10-19T16:15:01.729,163746,1543975,0,0,0,-10.844440460205078,0.2671055495738983,-5.2393388748168945,-0.0705007836222648,-0.2186483889818191,-0.1607228070497512,-6.924123764038086,14.38014793395996,1.2940372228622437,0.2729905247688293,-0.427545964717865,-1.581693410873413,8.367025375366211,14.240018844604492,1.7884055376052856,0.1861457824707031,0.5135708451271057,0.7377336621284485
2025-10-19T16:15:01.738,163747,1543984,0,0,0,-10.818103790283203,0.4275170862674713,-5.263280868530273,-0.0787611305713653,-0.2327709048986435,-0.1564594060182571,-6.974401950836182,14.123968124389648,1.6579558849334717,0.2271589785814285,-0.5080176591873169,-1.593684196472168,8.201825141906738,14.340576171875,2.365408182144165,0.0334627702832222,0.5348878502845764,0.7318715453147888
2025-10-19T16:15:01.754,163748,1543993,0,0,0,-10.667269706726074,0.5161025524139404,-5.184272289276123,-0.0984793454408645,-0.25089031457901,-0.1588575690984726,-7.003132343292236,14.061717987060549,1.8566745519638064,0.2460778206586837,-0.5655735731124878,-1.595815896987915,8.118027687072754,14.04608917236328,2.717355728149414,-0.1242830157279968,0.5260946154594421,0.7785024046897888
2025-10-19T16:15:01.757,163749,1544002,0,0,0,-10.451791763305664,0.4131518304347992,-5.0430145263671875,-0.1221945136785507,-0.2743390202522278,-0.1708483844995498,-7.098900318145752,13.980316162109377,2.1487672328948975,0.2815173268318176,-0.6487098336219788,-1.595016598701477,8.204218864440918,13.461902618408203,2.968747138977051,-0.1879675388336181,0.4802630841732025,0.8496478796005249
2025-10-19T16:15:01.765,163750,1544011,0,0,0,-10.229130744934082,0.1641548871994018,-5.026255130767822,-0.1515053808689117,-0.287395715713501,-0.1876355111598968,-7.292830467224121,13.913278579711914,2.005115032196045,0.2988373637199402,-0.726250410079956,-1.6134024858474731,8.311958312988281,13.160234451293944,3.098033905029297,-0.1610548347234726,0.4152462184429168,0.9333171248435974
2025-10-19T16:15:01.774,163751,1544020,0,0,0,-9.98013401031494,-0.1255435347557068,-4.942458152770996,-0.1794839352369308,-0.2999194264411926,-0.204955592751503,-7.663931846618652,13.602031707763672,1.7537238597869873,0.2396827191114425,-0.7614234685897827,-1.6496412754058838,8.532224655151367,13.145868301391602,3.0669093132019043,-0.0795173197984695,0.3475647866725921,1.020716905593872
2025-10-19T16:15:01.783,163752,1544029,0,0,0,-9.752684593200684,-0.355386883020401,-4.655153751373291,-0.2045314162969589,-0.335891842842102,-0.2169463783502578,-7.958418846130371,13.166288375854492,1.6364079713821411,0.179462194442749,-0.7329119443893433,-1.6954728364944458,8.431668281555176,13.102773666381836,2.6239819526672363,0.0390584841370582,0.2921405732631683,1.1057183742523191
2025-10-19T16:15:01.792,163753,1544038,0,0,0,-9.513264656066896,-0.3817231059074402,-4.614452362060547,-0.2218514680862426,-0.342553436756134,-0.2166799306869506,-7.975178241729736,12.783214569091797,1.406564712524414,0.1368281841278076,-0.7006700038909912,-1.7506306171417236,8.359842300415039,12.959120750427246,2.391744375228882,0.1208624616265297,0.2700241804122925,1.1965820789337158
2025-10-19T16:15:01.802,163754,1544047,0,0,0,-9.245113372802734,-0.1877927780151367,-4.636000156402588,-0.2258484065532684,-0.3286973834037781,-0.2190780937671661,-8.011091232299805,12.55097770690918,1.3107966184616089,0.1959828585386276,-0.6860145330429077,-1.7959293127059937,8.168306350708008,12.731672286987305,2.0852866172790527,0.1571013629436493,0.2614973783493042,1.274389147758484
2025-10-19T16:15:01.810,163755,1544056,0,0,0,-9.10146141052246,0.1378186643123626,-4.408551216125488,-0.2125252783298492,-0.3292303085327148,-0.230802446603775,-7.99433183670044,12.31634521484375,1.2389705181121826,0.1845249831676483,-0.7070651054382324,-1.8007255792617798,8.168306350708008,12.513799667358398,2.0421910285949707,0.1336526721715927,0.2892094850540161,1.3492650985717771
2025-10-19T16:15:01.819,163756,1544065,0,0,0,-8.988934516906738,0.4251228868961334,-4.05660343170166,-0.1816156357526779,-0.3534784317016601,-0.2398621737957,-7.960813045501709,12.37380599975586,1.4783906936645508,0.2204974144697189,-0.7667527198791504,-1.775411605834961,8.474763870239258,12.305503845214844,1.7931939363479614,0.0944826751947403,0.3062630891799927,1.4273386001586914
2025-10-19T16:15:01.828,163757,1544074,0,0,0,-8.838099479675293,0.5376503467559814,-4.104487419128418,-0.1536370813846588,-0.3670679926872253,-0.2403950840234756,-7.972784042358398,12.21339511871338,1.5909181833267212,0.1981145739555359,-0.8165811896324158,-1.733310580253601,8.982335090637207,11.98468017578125,1.81713604927063,0.0427889563143253,0.3435678482055664,1.493954300880432
2025-10-19T16:15:01.838,163758,1544083,0,0,0,-8.689659118652344,0.5615923404693604,-4.01111364364624,-0.1368499398231506,-0.3718643188476562,-0.2377304583787918,-7.932082653045654,12.175087928771973,1.351498007774353,0.1568128764629364,-0.8786669373512268,-1.7119935750961304,9.19541835784912,11.994256973266602,2.035008430480957,-0.0049078250303864,0.3854024410247803,1.5333906412124634
2025-10-19T16:15:01.846,163759,1544092,0,0,0,-8.522065162658691,0.4155460298061371,-3.6017050743103027,-0.1195298880338668,-0.395313024520874,-0.2270719558000564,-7.80279541015625,12.170299530029297,1.210240125656128,0.1344300359487533,-0.9199686646461488,-1.7181222438812256,9.118803977966309,12.092419624328612,1.960788011550903,-0.0494070574641227,0.3875341415405273,1.539519429206848
2025-10-19T16:15:01.857,163760,1544101,0,0,0,-8.258702278137207,0.1066940426826477,-3.5801572799682617,-0.1131347864866256,-0.4105013608932495,-0.2086860537528991,-7.742940425872803,11.990734100341797,0.8942054510116577,0.1461543887853622,-0.928761899471283,-1.755427002906799,9.12838077545166,11.917642593383787,1.7548867464065552,-0.1253488659858703,0.3875341415405273,1.5589711666107178
2025-10-19T16:15:01.864,163761,1544110,0,0,0,-8.052801132202148,-0.1399087309837341,-3.613676071166992,-0.1280566900968551,-0.4070373773574829,-0.1921653747558593,-7.642384052276611,11.543018341064451,0.585353434085846,0.0758082866668701,-0.8640115261077881,-1.7871359586715698,9.188236236572266,11.73568344116211,1.8745968341827393,-0.1863687634468078,0.4131145179271698,1.5693631172180176
2025-10-19T16:15:01.875,163762,1544119,0,0,0,-7.760708332061768,-0.3721463084220886,-3.309612274169922,-0.1352511644363403,-0.4208934307098388,-0.1908330768346786,-7.266494274139404,11.622027397155762,0.1567913442850113,0.0331742912530899,-0.7949977517127991,-1.8063212633132937,9.169082641601562,11.381341934204102,1.723762035369873,-0.1538603454828262,0.4450900256633758,1.5653661489486694
2025-10-19T16:15:01.882,163763,1544128,0,0,0,-7.4303083419799805,-0.5181926488876343,-3.0558271408081055,-0.1277902126312255,-0.4435427188873291,-0.2033568024635315,-7.048622131347656,11.650757789611816,-0.2238867282867431,-0.0211840569972991,-0.7494326829910278,-1.8036565780639648,9.439627647399902,10.742090225219728,1.3670260906219482,-0.09097521007061,0.5026459097862244,1.5573723316192627
2025-10-19T16:15:01.891,163764,1544137,0,0,0,-7.248349189758301,-0.4966447949409485,-2.9169633388519287,-0.1080719977617263,-0.4627280235290527,-0.2212097942829132,-6.866662979125977,11.571748733520508,-0.8990515470504761,-0.1474872678518295,-0.6814846992492676,-1.801524996757507,9.887343406677246,10.313528060913086,1.2616811990737915,0.048118207603693,0.6230869293212891,1.5264626741409302
2025-10-19T16:15:01.902,163765,1544146,0,0,0,-7.3177809715271,-0.3218680620193481,-3.1204705238342285,-0.0846232995390892,-0.4747188091278076,-0.2313353568315506,-6.60330057144165,11.533441543579102,-1.0857993364334106,-0.3172238767147064,-0.535463273525238,-1.819377899169922,9.853824615478516,10.507457733154297,0.9264929294586182,0.2559589445590973,0.7088878750801086,1.477966547012329
2025-10-19T16:15:01.910,163766,1544155,0,0,0,-7.439885139465332,-0.0561116784811019,-3.331160068511963,-0.0723660290241241,-0.4768505692481994,-0.2177457809448242,-6.574570178985596,11.681882858276367,-0.6261125802993774,-0.4576496183872223,-0.3369486927986145,-1.838829755783081,9.516242027282717,10.73730182647705,0.2800585031509399,0.4179681539535522,0.680909276008606,1.4228087663650513
2025-10-19T16:15:01.918,163767,1544164,0,0,0,-7.406366348266602,0.0803578197956085,-3.4077749252319336,-0.0750306472182273,-0.4859102368354797,-0.1844379603862762,-6.802019119262695,11.42091464996338,0.118484117090702,-0.57515949010849,-0.1762718260288238,-1.8489552736282349,9.327099800109863,10.370988845825195,-0.1772340536117553,0.3734688758850097,0.5956413149833679,1.3903003931045532
2025-10-19T16:15:01.927,163768,1544173,0,0,0,-7.382424354553223,0.0875404179096221,-3.4149575233459473,-0.0968805700540542,-0.5016315579414368,-0.1380734890699386,-6.806807518005371,10.757720947265623,0.3722695112228393,-0.6961334943771362,-0.106725126504898,-1.8737363815307615,9.18584156036377,9.578508377075195,-0.0144283771514892,0.1536373645067215,0.5668633580207825,1.35166335105896
2025-10-19T16:15:01.936,163769,1544182,0,0,0,-7.267502784729004,-0.0034392327070236,-3.3551025390625,-0.1341853141784668,-0.5160205364227295,-0.0874456167221069,-6.612877368927002,9.924537658691406,0.5877476334571838,-0.8437536954879761,-0.0664892941713333,-1.88359534740448,9.15232276916504,8.544212341308594,0.8115712404251099,-0.1602554321289062,0.6305479407310486,1.2938408851623535
2025-10-19T16:15:01.955,163770,1544191,0,0,0,-7.0089287757873535,-0.1303319334983825,-3.23299789428711,-0.1762863993644714,-0.5325411558151245,-0.0394823737442493,-6.315996170043945,9.266132354736328,0.6619678735733032,-0.8496159315109253,-0.1059257388114929,-1.8772003650665283,9.39892578125,7.294439315795898,2.2385153770446777,-0.4975969493389129,0.75898277759552,1.265062928199768
2025-10-19T16:15:01.962,163771,1544200,0,0,0,-6.755143165588379,-0.1686391532421112,-3.180325508117676,-0.2261148691177368,-0.5458642840385437,0.0010199230164289,-5.9592604637146,9.469640731811523,0.6356316804885864,-0.7385010123252869,-0.1424310952425003,-1.819377899169922,9.975929260253906,6.703071594238281,3.361395835876465,-0.5868619084358215,0.8229337930679321,1.2911763191223145
2025-10-19T16:15:01.964,163772,1544210,0,0,0,-6.431926250457764,-0.2117347866296768,-2.907386541366577,-0.2700811922550201,-0.5722441077232361,0.0332618877291679,-5.90179967880249,9.914960861206056,0.4680375456809997,-0.5730278491973877,-0.1147190108895301,-1.733577013015747,10.373366355895996,6.4349212646484375,3.476317882537842,-0.3294591307640075,0.7805662155151367,1.3276816606521606
2025-10-19T16:15:01.978,163773,1544220,0,0,0,-6.087161064147949,-0.2141289860010147,-2.5243144035339355,-0.2738116681575775,-0.6274018287658691,0.0519142523407936,-5.920953273773193,10.657163619995115,0.9253300428390504,-0.4669757783412933,-0.0851416736841201,-1.6760210990905762,10.567296981811523,6.7246198654174805,3.090851306915283,0.1613647639751434,0.6819751262664795,1.3388731479644775
2025-10-19T16:15:01.983,163774,1544229,0,0,0,-5.929143905639648,0.0252911746501922,-2.514737606048584,-0.2578239142894745,-0.6772302985191345,0.0623062923550605,-6.232199192047119,11.107274055480955,1.0450401306152344,-0.5141396522521973,-0.0214571356773376,-1.6211297512054443,10.533778190612791,7.277680397033691,2.741297721862793,0.50163733959198,0.6324131488800049,1.3154243230819702
2025-10-19T16:15:01.992,163775,1544238,0,0,0,-5.8190107345581055,0.3485083878040313,-2.335172414779663,-0.242902010679245,-0.7156009078025818,0.0644379928708076,-6.69428014755249,10.817575454711914,1.4209299087524414,-0.680412232875824,0.0454249456524848,-1.5587775707244873,10.15310001373291,8.113256454467773,2.5497617721557617,0.669242262840271,0.6236198544502258,1.2826495170593262
2025-10-19T16:15:02.001,163776,1544247,0,0,0,-5.8836541175842285,0.7220038175582886,-2.047868251800537,-0.215722844004631,-0.7411813139915466,0.0559111908078193,-7.204245090484619,10.465627670288086,1.574158787727356,-0.7760722637176514,0.0587480664253234,-1.5766305923461914,9.60482692718506,8.845882415771484,2.408503770828247,0.6785683631896973,0.6401405334472656,1.280517816543579
2025-10-19T16:15:02.010,163777,1544256,0,0,0,-6.087161064147949,0.9757893085479736,-1.937734842300415,-0.176019936800003,-0.7566361427307129,0.0433874577283859,-7.584923267364502,9.979604721069336,1.8231557607650757,-0.8666694760322571,0.0947204977273941,-1.6221957206726074,9.403714179992676,9.173888206481934,2.4420225620269775,0.5559956431388855,0.6001711487770081,1.2831823825836182
2025-10-19T16:15:02.019,163778,1544265,0,0,0,-6.386436462402344,1.1266239881515503,-1.851543664932251,-0.1299219131469726,-0.761165976524353,0.0273997094482183,-7.838708877563477,9.505553245544434,2.273265600204468,-0.8402897119522095,0.0446255542337894,-1.6515066623687744,9.683835983276367,9.037418365478516,2.612010955810547,0.3334995210170746,0.5476780533790588,1.2677274942398071
2025-10-19T16:15:02.029,163779,1544274,0,0,0,-6.724018573760986,1.131412386894226,-1.7988712787628174,-0.0843568369746208,-0.7614324688911438,0.0068820994347333,-7.869833469390869,9.57498550415039,2.529445171356201,-0.7526234984397888,-0.0163943488150835,-1.660832762718201,10.167465209960938,8.965592384338379,3.090851306915283,0.05184867978096,0.5255616903305054,1.2272253036499023
2025-10-19T16:15:02.037,163780,1544283,0,0,0,-6.980198383331299,0.9422705173492432,-1.827601671218872,-0.0454533100128173,-0.7696928381919861,-0.010704425163567,-7.54182767868042,9.77130889892578,2.8311147689819336,-0.735303521156311,-0.0262534599751234,-1.6128695011138916,10.411673545837402,8.529848098754883,3.536172866821289,-0.1964943408966064,0.495184987783432,1.168337106704712
2025-10-19T16:15:02.046,163781,1544292,0,0,0,-7.0975141525268555,0.6501778364181519,-1.940129041671753,-0.0140107423067092,-0.7910098433494568,-0.0314885005354881,-7.158755302429199,9.99636459350586,3.1591203212738037,-0.6287184953689575,-0.0768813341856002,-1.5547807216644287,10.291963577270508,7.596109390258789,3.730103015899658,-0.3060104250907898,0.4349644780158996,1.1190415620803833
2025-10-19T16:15:02.056,163782,1544301,0,0,0,-7.056812763214111,0.3293547928333282,-2.052656650543213,0.0107702612876892,-0.828048050403595,-0.0482756346464157,-6.88581657409668,10.113679885864258,3.259676694869995,-0.5671656131744385,-0.0662228316068649,-1.4692462682724,10.0956392288208,6.624063014984131,4.000648021697998,-0.2902891337871551,0.3702140748500824,1.1035866737365725
2025-10-19T16:15:02.064,163783,1544310,0,0,0,-6.961044788360596,0.0875404179096221,-2.2346158027648926,0.0307549536228179,-0.8706820607185364,-0.0639969184994697,-6.854691982269287,10.104103088378906,2.7233755588531494,-0.5090768337249756,-0.0339808724820613,-1.4090256690979004,9.978322982788086,6.157193660736084,4.022195816040039,-0.0877776592969894,0.3147898912429809,1.108116626739502
2025-10-19T16:15:02.073,163784,1544319,0,0,0,-6.7910566329956055,-0.0201986581087112,-2.2130680084228516,0.0432786792516708,-0.9149149060249328,-0.0826492980122566,-7.187485694885254,9.929327011108398,2.2565062046051025,-0.5629022717475891,-0.0052029252983629,-1.3272217512130735,9.865795135498049,6.645610809326172,4.13472318649292,0.1573678255081176,0.3166551291942596,1.1304993629455566
2025-10-19T16:15:02.082,163785,1544328,0,0,0,-6.707259178161621,0.0372622013092041,-2.1077232360839844,0.0462097823619842,-0.9604799151420592,-0.1050321459770202,-7.510703086853027,9.56780242919922,2.311572790145874,-0.7571533918380737,0.0579486787319183,-1.3426766395568848,10.12197494506836,7.253738403320312,3.732497215270996,0.3614781200885772,0.2841466963291168,1.1331640481948853
2025-10-19T16:15:02.091,163786,1544337,0,0,0,-6.680922985076904,0.1258476376533508,-1.8467552661895752,0.039281740784645,-0.99538654088974,-0.1242174357175827,-7.7477288246154785,9.211066246032717,2.510291576385498,-0.7512912154197693,0.0179793108254671,-1.4106245040893557,10.406885147094728,7.952845096588135,3.375761032104492,0.4003815948963165,0.2335188090801239,1.1022543907165527
2025-10-19T16:15:02.100,163787,1544346,0,0,0,-6.726412773132324,0.1737316846847534,-1.588181495666504,0.0384823679924011,-1.0057785511016846,-0.1434027403593063,-7.824343681335449,8.983617782592773,2.795201539993286,-0.5482468008995056,-0.0744831711053848,-1.4785723686218262,10.241684913635254,8.383801460266113,3.3422422409057617,0.2799405753612518,0.1589093208312988,1.0396357774734497
2025-10-19T16:15:02.109,163788,1544355,0,0,0,-6.886824607849121,0.0731752216815948,-1.4349524974822998,0.0472756177186965,-0.99991637468338,-0.1601898819208145,-7.6830854415893555,8.96685791015625,3.0968711376190186,-0.4523203670978546,-0.1307067424058914,-1.557978272438049,10.167465209960938,8.27366828918457,3.6774306297302246,0.0254688970744609,0.1463855952024459,1.004995584487915
2025-10-19T16:15:02.118,163789,1544364,0,0,0,-7.099908351898193,-0.0513232797384262,-1.6240944862365725,0.0563353449106216,-0.9807310700416564,-0.1703154444694519,-7.733363628387451,9.002771377563477,3.19742751121521,-0.332945168018341,-0.2125107198953628,-1.6525723934173584,9.813122749328612,7.617656707763672,4.026984214782715,-0.2692385911941528,0.2060731947422027,0.9620950818061828
2025-10-19T16:15:02.127,163790,1544373,0,0,0,-7.291444778442383,-0.1279377341270446,-1.8467552661895752,0.0531378090381622,-0.9407617449760436,-0.1769770085811615,-7.860256671905518,9.048260688781738,3.199821710586548,-0.412350982427597,-0.1837327778339386,-1.6970716714859009,10.196195602416992,6.885031223297119,3.8306593894958496,-0.3577041327953338,0.0736413300037384,0.981813371181488
2025-10-19T16:15:02.137,163791,1544382,0,0,0,-7.451856136322021,-0.1494855433702469,-1.7988712787628174,0.0432786792516708,-0.9146483540534972,-0.1831056475639343,-8.169108390808105,8.768138885498047,2.7832305431365967,-0.5668991804122925,-0.1075245216488838,-1.6752218008041382,10.449980735778809,6.396614074707031,3.751650810241699,-0.3105402886867523,-0.0206863861531019,0.9895407557487488
2025-10-19T16:15:02.145,163792,1544391,0,0,0,-7.62423849105835,-0.2189173996448516,-1.631277084350586,0.0390152931213378,-0.9117173552513124,-0.1903001368045807,-8.489931106567383,8.562237739562988,2.601271390914917,-0.7616832256317139,0.025706723332405,-1.5867562294006348,11.474699020385742,6.363095283508301,2.9064977169036865,-0.1280134916305542,0.1224039644002914,1.0060614347457886
2025-10-19T16:15:02.154,163793,1544400,0,0,0,-7.851687908172607,-0.2691956162452698,-1.5402973890304563,0.0323537290096282,-0.905588686466217,-0.1988269388675689,-8.750899314880371,7.93974494934082,2.3857932090759277,-0.8107123970985413,0.1650666147470474,-1.5382601022720337,10.598421096801758,6.487593650817871,2.8179121017456055,-0.1165556013584137,-0.0273479484021663,0.9916724562644958
2025-10-19T16:15:02.163,163794,1544409,0,0,0,-8.122232437133789,-0.2500420212745666,-1.5905756950378418,0.0254257023334503,-0.882939338684082,-0.2062879055738449,-9.074116706848145,7.377107620239258,2.3953700065612793,-0.7158517241477966,0.2418077886104583,-1.514811396598816,10.598421096801758,6.681524276733398,2.743691921234131,-0.164252370595932,-0.0252162478864192,1.005262017250061
2025-10-19T16:15:02.172,163795,1544418,0,0,0,-8.380806922912598,-0.2691956162452698,-1.7390161752700806,0.0190306007862091,-0.8610894083976746,-0.2092189788818359,-9.028626441955566,7.199936866760254,2.6132423877716064,-0.4523203670978546,0.2399425655603408,-1.5507837533950806,10.75404453277588,6.753350257873535,2.7915759086608887,-0.3656980097293854,-0.0353418216109275,1.024180889129639
2025-10-19T16:15:02.184,163796,1544427,0,0,0,-8.596284866333008,-0.3098970651626587,-2.023926258087158,0.0086385607719421,-0.8533620238304138,-0.2004257142543792,-8.980742454528809,7.1209282875061035,2.8957581520080566,-0.1509512811899185,0.1679976880550384,-1.547319769859314,10.045360565185549,7.160364151000977,3.02620792388916,-0.6380226612091064,-0.10728669911623,1.0433661937713623
2025-10-19T16:15:02.190,163797,1544436,0,0,0,-8.613044738769531,-0.4296071529388428,-2.155607223510742,-0.0009540915489196,-0.860023558139801,-0.184970885515213,-8.975954055786133,7.118534088134766,3.444030284881592,0.0259798020124435,0.0904571041464805,-1.6086061000823977,10.3925199508667,7.1436052322387695,3.2153496742248535,-0.7872416377067566,-0.1395286470651626,1.096658706665039
2025-10-19T16:15:02.199,163798,1544445,0,0,0,-8.493334770202637,-0.6235374808311462,-2.14603042602539,-0.0084150284528732,-0.8813405632972717,-0.1713813096284866,-8.947223663330078,7.006006240844727,3.391357898712158,0.1312324851751327,0.0334341339766979,-1.6842814683914185,10.557720184326172,7.095721244812012,3.4571642875671387,-0.917541801929474,-0.2026802450418472,1.127301812171936
2025-10-19T16:15:02.208,163799,1544454,0,0,0,-8.268279075622559,-0.8964765071868896,-1.806053876876831,-0.0126784294843673,-0.9146483540534972,-0.1636538952589035,-8.868215560913086,7.001217842102051,2.8382973670959473,0.2439461052417755,0.0456914044916629,-1.7279813289642334,10.792351722717283,6.999952793121338,3.5720858573913574,-0.9388588070869446,-0.2370539158582687,1.1281012296676636
2025-10-19T16:15:02.217,163800,1544463,0,0,0,-8.13180923461914,-1.1358966827392578,-1.628882884979248,-0.0182741433382034,-0.9287708401679992,-0.1593904942274093,-8.777235984802246,7.168812274932861,2.359457015991211,0.4078205227851867,0.1440160721540451,-1.7207869291305542,11.050925254821776,6.621668815612793,3.4619526863098145,-0.9250028133392334,-0.226128950715065,1.1025209426879885
2025-10-19T16:15:02.226,163801,1544472,0,0,0,-8.172511100769043,-1.296308159828186,-1.6049408912658691,-0.0435880795121192,-0.908253252506256,-0.1561929434537887,-9.028626441955566,7.374713897705078,2.1966512203216553,0.5916796922683716,0.2868399620056152,-1.689610719680786,11.187395095825195,6.236202239990234,3.2584452629089355,-0.8778389692306519,-0.189890056848526,1.0867996215820312
2025-10-19T16:15:02.235,163802,1544481,0,0,0,-8.354470252990723,-1.442354440689087,-1.561845302581787,-0.0720995664596557,-0.8853375315666199,-0.1564594060182571,-9.454794883728027,7.386684417724609,2.1056714057922363,0.7779369950294495,0.4611064195632934,-1.6656290292739868,11.240067481994627,6.157193660736084,3.2632336616516113,-0.698509693145752,-0.1675072014331817,1.0681471824645996
2025-10-19T16:15:02.244,163803,1544490,0,0,0,-8.629803657531738,-1.442354440689087,-1.4349524974822998,-0.0958147272467613,-0.8730802536010742,-0.1516630798578262,-10.036585807800291,7.1424760818481445,2.536627769470215,0.8173733949661255,0.66948002576828,-1.6355189085006714,11.189788818359377,6.999952793121338,3.25365686416626,-0.4818756580352783,-0.1789650917053222,1.0590875148773191
2025-10-19T16:15:02.253,163804,1544499,0,0,0,-8.835704803466797,-1.3274327516555786,-1.1548309326171875,-0.107805535197258,-0.8845381140708923,-0.1391393393278122,-10.529791831970217,6.776163101196289,3.0034971237182617,0.7779369950294495,0.8637312054634094,-1.6352523565292358,11.077261924743652,7.998334884643555,2.9064977169036865,-0.5306382775306702,-0.2181350737810135,1.0518929958343506
2025-10-19T16:15:02.263,163805,1544508,0,0,0,-8.96499252319336,-1.1598386764526367,-0.9704774022102356,-0.113401249051094,-0.9186453223228456,-0.121286354959011,-10.285582542419434,6.7019429206848145,3.0729291439056396,0.8269660472869873,0.9703161716461182,-1.624860405921936,10.94797420501709,8.304792404174805,2.8179121017456055,-0.7640594244003296,-0.3074000179767608,1.0380369424819946
2025-10-19T16:15:02.275,163806,1544518,0,0,0,-8.981751441955566,-1.0664647817611694,-0.9273817539215088,-0.1118024736642837,-0.965542733669281,-0.0983705818653106,-9.93842315673828,6.27816915512085,2.9867377281188965,1.0571895837783811,0.7760650515556335,-1.5702356100082395,10.794745445251465,7.672723770141602,2.482724189758301,-1.156825065612793,-0.4046588242053985,0.9916724562644958
2025-10-19T16:15:02.281,163807,1544528,0,0,0,-9.005693435668945,-0.934783697128296,-1.0590628385543823,-0.0998116582632064,-0.995652973651886,-0.079185277223587,-9.62238883972168,6.89826774597168,2.4312829971313477,1.1936182975769043,0.5647602677345276,-1.4743090867996216,11.90804958343506,6.205078125,2.2600631713867188,-1.3476122617721558,-0.469409167766571,0.8794917464256287
2025-10-19T16:15:02.290,163808,1544536,0,0,0,-8.97696304321289,-0.8581691980361938,-1.166801929473877,-0.0726324841380119,-1.0001827478408811,-0.0682603195309639,-9.631965637207031,7.657229423522949,1.7513296604156494,1.2850149869918823,0.4176730215549469,-1.335748553276062,10.770803451538086,5.482028961181641,2.7317209243774414,-1.4531313180923462,-0.5179054141044617,0.7854304909706116
2025-10-19T16:15:02.299,163809,1544545,0,0,0,-9.048789024353027,-0.6259316802024841,-1.2314454317092896,-0.0401240587234497,-0.9740695357322692,-0.0581347495317459,-9.636754035949709,8.535901069641113,0.8630808591842651,1.368950605392456,0.3161508440971374,-1.2611390352249146,11.156270027160645,3.621734142303467,3.2321090698242188,-1.356139063835144,-0.4552866816520691,0.6969649195671082
2025-10-19T16:15:02.310,163810,1544554,0,0,0,-9.19004726409912,-0.4583375453948974,-1.3272135257720947,-0.0132113546133041,-0.9162471890449524,-0.03282081335783,-9.617600440979004,8.957281112670898,0.0777826905250549,1.230390191078186,0.2729839086532593,-1.1843979358673096,11.21851921081543,1.9338221549987793,2.8179121017456055,-1.1951956748962402,-0.4363678395748138,0.64020836353302
2025-10-19T16:15:02.317,163811,1544563,0,0,0,-9.326516151428224,-0.4511549472808838,-1.466077208518982,-0.0004211515188217,-0.8403053283691406,-0.0027105510234832,-9.969548225402832,9.474428176879885,0.0921479016542434,0.9439430236816406,0.2892381250858307,-1.075947642326355,11.503429412841797,0.4637823104858398,2.319918155670166,-0.990286111831665,-0.4313050806522369,0.6021042466163635
2025-10-19T16:15:02.326,163812,1544572,0,0,0,-9.50847625732422,-0.5205868482589722,-1.5953640937805176,0.0025099366903305,-0.7566361427307129,0.0196722988039255,-10.596829414367676,10.611674308776855,0.3076260387897491,0.8341605067253113,0.3824999928474426,-0.907809853553772,12.152257919311523,-0.2113828659057617,2.5497617721557617,-0.7227577567100525,-0.3740156292915344,0.5253630876541138
2025-10-19T16:15:02.339,163813,1544581,0,0,0,-9.721559524536133,-0.5086157917976379,-1.631277084350586,0.003575786948204,-0.6769638657569885,0.0250015463680028,-10.790759086608888,11.717795372009276,-0.0874172449111938,0.926356554031372,0.4861539006233215,-0.6711910963058472,12.477869987487791,-0.0126638412475585,2.669471740722656,-0.5117194652557373,-0.2631672322750091,0.3995928168296814
2025-10-19T16:15:02.347,163814,1544590,0,0,0,-9.984922409057615,-0.3386274874210357,-1.4995959997177124,0.0067733377218246,-0.6186085343360901,0.0180735234171152,-10.46993637084961,12.029041290283203,-0.4249996840953827,0.9791160821914672,0.5077373385429382,-0.4564223289489746,12.327034950256348,0.2722458839416504,2.738903522491455,-0.4011375308036804,-0.1965516209602356,0.2522390782833099
2025-10-19T16:15:02.353,163815,1544599,0,0,0,-10.195611953735352,-0.0728710889816284,-1.3248193264007568,0.0075727254152297,-0.5986238718032837,0.002352237701416,-10.29755401611328,11.674699783325195,-0.4465474784374237,0.908237099647522,0.4091462194919586,-0.3186612427234649,12.046913146972656,0.1740837097167968,2.7939701080322266,-0.3998052179813385,-0.1541840881109237,0.1214059814810752
2025-10-19T16:15:02.363,163816,1544608,0,0,0,-10.387147903442385,0.221615731716156,-1.097370147705078,0.0083720982074737,-0.6215396523475647,-0.0208299998193979,-10.168267250061035,10.973198890686035,0.0275044441223144,0.6716184020042419,0.2740497589111328,-0.2437852770090103,11.824252128601074,0.2219676971435547,2.8586137294769287,-0.413661241531372,-0.1235409080982208,0.0302758142352104
2025-10-19T16:15:02.377,163817,1544618,0,0,0,-10.521223068237305,0.4682184755802154,-0.7645760774612427,0.0270244777202606,-0.6836254596710205,-0.0496079474687576,-9.854626655578612,10.13043975830078,-0.0730520188808441,0.3486658632755279,0.197575032711029,-0.1835647523403167,11.690176963806152,0.5499734878540039,2.8370659351348877,-0.3030793070793152,-0.0857032313942909,-0.0485970750451087
2025-10-19T16:15:02.381,163818,1544627,0,0,0,-10.645721435546877,0.5975053310394287,-0.6065587401390076,0.0603322833776474,-0.7366514205932617,-0.0698590949177742,-9.701397895812988,9.426544189453123,-0.2933185994625091,0.0571559146046638,0.2218231111764907,-0.148924633860588,11.661446571350098,1.1078224182128906,2.5306081771850586,-0.0872447341680526,-0.0412039943039417,-0.1125480681657791
2025-10-19T16:15:02.392,163819,1544636,0,0,0,-10.664875030517578,0.6214474439620972,-0.2210923433303833,0.0896431505680084,-0.777153730392456,-0.0762541964650154,-9.811531066894531,8.770532608032227,-0.2933185994625091,-0.2258272320032119,0.2711186707019806,-0.1633136123418808,11.601592063903809,1.9290335178375244,2.1283822059631348,0.1136679723858833,-0.0108272731304168,-0.1589125394821167
2025-10-19T16:15:02.400,163820,1544645,0,0,0,-10.59304904937744,0.5400445461273193,0.092548131942749,0.1138912439346313,-0.7931414842605591,-0.0805175974965095,-10.038980484008787,7.93974494934082,-0.3388083875179291,-0.5146725177764893,0.3129532635211944,-0.20941162109375,11.565678596496582,3.214719772338867,2.0661330223083496,0.353217750787735,0.0024958499707281,-0.2007471621036529
2025-10-19T16:15:02.408,163821,1544654,0,0,0,-10.52601146697998,0.312595397233963,0.0350873470306396,0.1202863454818725,-0.7686269283294678,-0.0807840600609779,-10.38853359222412,6.960516929626465,-0.0036201775074005,-0.7957904934883118,0.3318721055984497,-0.27496138215065,11.63750457763672,4.677577018737793,2.018249034881592,0.6593831181526184,0.0307408720254898,-0.2511085569858551
2025-10-19T16:15:02.417,163822,1544663,0,0,0,-10.384753227233888,-0.1111783161759376,0.0638177394866943,0.1016339659690857,-0.7299898862838745,-0.0767871215939521,-10.620771408081056,5.969317436218262,0.4297303557395935,-1.0009665489196775,0.3148185312747955,-0.3511696457862854,11.709330558776855,5.319223403930664,2.0709214210510254,0.8485714793205261,0.1200058013200759,-0.2852157354354858
2025-10-19T16:15:02.428,163823,1544672,0,0,0,-10.174063682556152,-0.5852302312850952,0.1835278272628784,0.0717901736497879,-0.7092058062553406,-0.0735895708203315,-10.548945426940918,5.349218845367432,0.7313997745513916,-1.0574567317962646,0.2620589435100555,-0.4055280089378357,11.43160343170166,5.58497953414917,1.6686954498291016,0.7848869562149048,0.16530442237854,-0.2535067200660705
2025-10-19T16:15:02.440,163824,1544686,0,0,0,-9.896336555480955,-1.1023777723312378,0.3439393043518066,0.0118361264467239,-0.7100051641464233,-0.0642633885145187,-10.077287673950195,5.0667033195495605,1.188692331314087,-0.8293647766113281,0.1226990595459938,-0.4172523617744446,10.955157279968262,6.147616863250732,1.6782722473144531,0.4408839046955108,0.0347378104925155,-0.189022809267044
2025-10-19T16:15:02.449,163825,1544695,0,0,0,-9.764655113220217,-1.116743087768555,0.4923797845840454,-0.0241363197565078,-0.7068076729774475,-0.0576018244028091,-9.95997142791748,4.99008846282959,1.131231427192688,-0.6657567620277405,0.0789992213249206,-0.4049950540065765,10.986282348632812,6.576179027557373,2.257668972015381,0.3963846862316131,0.009690336883068,-0.2079416215419769
2025-10-19T16:15:02.458,163826,1544704,0,0,0,-9.632974624633787,-1.0018213987350464,0.5929362773895264,-0.057710587978363,-0.699346661567688,-0.0517396479845047,-9.99588394165039,4.863195896148682,1.0282807350158691,-0.5970094799995422,0.1000497564673423,-0.412722498178482,11.072473526000977,7.023894786834717,2.6215877532958984,0.3513525128364563,0.033671960234642,-0.2401835918426513
2025-10-19T16:15:02.469,163827,1544713,0,0,0,-9.458197593688965,-0.8246504068374634,0.5689942836761475,-0.0854226872324943,-0.6966820359230042,-0.0472097843885421,-10.144325256347656,4.633352756500244,1.011521339416504,-0.61432945728302,0.1397526711225509,-0.43244069814682,11.062896728515623,6.990375995635986,2.655106544494629,0.1618976891040802,0.0136872734874486,-0.2433811426162719
2025-10-19T16:15:02.478,163828,1544722,0,0,0,-9.376794815063477,-0.6331142783164978,0.5905420780181885,-0.0955482572317123,-0.6985473036766052,-0.0477427095174789,-10.333466529846191,4.640535354614258,0.987579345703125,-0.6236556768417358,0.1501446962356567,-0.4327071905136108,11.122751235961914,6.662370681762695,2.6838369369506836,0.0449206605553627,-0.0182882249355316,-0.2319232821464538
2025-10-19T16:15:02.485,163829,1544731,0,0,0,-9.333699226379396,-0.4511549472808838,0.5306870937347412,-0.0891531631350517,-0.7036101222038269,-0.0506737977266311,-10.484301567077637,4.839253902435303,1.052222728729248,-0.5719619989395142,0.1512105464935302,-0.4031298458576202,11.278374671936035,6.3247880935668945,2.784393310546875,0.0350615456700325,-0.0089620361104607,-0.2292586266994476
2025-10-19T16:15:02.494,163830,1544740,0,0,0,-9.369611740112305,-0.2260999977588653,0.501956582069397,-0.0705007836222648,-0.7044094800949097,-0.0552036613225936,-10.50345516204834,5.162471294403076,1.1192604303359983,-0.4619130194187164,0.1410849839448928,-0.3618281483650207,11.321470260620115,6.061425685882568,2.784393310546875,0.0494505204260349,0.00649278704077,-0.2348543405532837
2025-10-19T16:15:02.503,163831,1544749,0,0,0,-9.51805305480957,-0.0489290654659271,0.4875913858413696,-0.0422557666897773,-0.699080228805542,-0.0602664500474929,-10.513031959533691,5.404285430908203,1.1168662309646606,-0.3630554378032684,0.1426837593317031,-0.3362477719783783,11.37653636932373,5.867495536804199,2.7293267250061035,0.0574443936347961,-0.0023004747927188,-0.2337884902954101
2025-10-19T16:15:02.518,163832,1544758,0,0,0,-9.692829132080078,0.099511444568634,0.4373131990432739,-0.0158759802579879,-0.6910863518714905,-0.0653292313218116,-10.548945426940918,5.416256427764893,0.9995503425598145,-0.3212208151817322,0.1669318377971649,-0.3213258683681488,11.39808464050293,5.917773723602295,2.669471740722656,0.1331197470426559,-0.0020340124610811,-0.2321897149085998
2025-10-19T16:15:02.522,163833,1544767,0,0,0,-9.841269493103027,0.1952795088291168,0.4708319902420044,0.0083720982074737,-0.6809608340263367,-0.0687932446599006,-10.601617813110352,5.162471294403076,0.7816779613494873,-0.3350768685340881,0.210898146033287,-0.3234575688838959,11.484275817871094,5.766939163208008,2.635952949523926,0.3009910881519317,0.0251451600342988,-0.2255281805992126
2025-10-19T16:15:02.531,163834,1544777,0,0,0,-9.977739334106444,0.2599229514598846,0.4660435914993286,0.0326202064752578,-0.668703556060791,-0.069059707224369,-10.43641757965088,5.02360725402832,0.5709882378578186,-0.359591394662857,0.2354127019643783,-0.3277209401130676,11.386113166809082,5.661593914031982,2.3366775512695312,0.3947858810424804,0.0195494480431079,-0.1887563467025756
2025-10-19T16:15:02.540,163835,1544786,0,0,0,-9.994499206542969,0.2623171508312225,0.4947739839553833,0.0526048690080642,-0.6556468605995178,-0.0671944767236709,-10.283188819885254,4.992482662200928,0.5326809883117676,-0.3569267690181732,0.2274188101291656,-0.3231910765171051,11.25203800201416,5.912985324859619,2.3941385746002197,0.3556159138679504,0.0011635374976322,-0.1613107025623321
2025-10-19T16:15:02.551,163836,1544795,0,0,0,-9.960980415344238,0.2072505056858062,0.5713884830474854,0.0736554116010665,-0.6444554924964905,-0.0671944767236709,-10.26642894744873,4.915868282318115,0.6380258798599243,-0.3619895875453949,0.2194249629974365,-0.3101344406604767,11.232884407043455,6.317605495452881,2.5497617721557617,0.3750676810741424,0.0067592496052384,-0.1666399538516998
2025-10-19T16:15:02.560,163837,1544804,0,0,0,-9.937037467956545,0.121059238910675,0.6695507764816284,0.0965711772441864,-0.6351292729377747,-0.0658621564507484,-10.34543800354004,4.772216320037842,0.8056199550628662,-0.4051564931869507,0.217826172709465,-0.3159966170787811,11.30949878692627,6.55702543258667,2.6646833419799805,0.3939865231513977,0.0421987622976303,-0.1812953948974609
2025-10-19T16:15:02.569,163838,1544813,0,0,0,-9.91788387298584,0.0324737727642059,0.6551855802536011,0.1213521957397461,-0.6215396523475647,-0.0650627687573432,-10.434022903442385,4.609410762786865,1.009127140045166,-0.4483234286308288,0.2127633988857269,-0.3298526406288147,11.271191596984863,6.667159080505371,2.604828357696533,0.3028563261032104,0.0451298467814922,-0.1772984564304351
2025-10-19T16:15:02.580,163839,1544823,0,0,0,-9.999287605285645,-0.1111783161759376,0.5713884830474854,0.1416033506393432,-0.5924952626228333,-0.0671944767236709,-10.52739715576172,4.496882915496826,1.0282807350158691,-0.4264734983444214,0.1895811557769775,-0.3306520581245422,11.223307609558104,6.628851413726807,2.544973373413086,0.2221182137727737,-0.0065638739615678,-0.1719692051410675
2025-10-19T16:15:02.586,163840,1544832,0,0,0,-10.18842887878418,-0.2428594082593917,0.5594174861907959,0.1458667516708374,-0.5591874122619629,-0.0674609318375587,-10.575281143188477,4.49209451675415,1.0905300378799438,-0.3015025854110718,0.145348384976387,-0.3109338283538818,11.343017578125,6.358306884765625,2.525819778442383,0.1717568039894104,-0.0150906732305884,-0.1709033548831939
2025-10-19T16:15:02.598,163841,1544841,0,0,0,-10.399118423461914,-0.3697521090507507,0.7485593557357788,0.1479984521865844,-0.5253466963768005,-0.0602664500474929,-10.613588333129885,4.501671314239502,1.1192604303359983,-0.1696036607027053,0.1341569572687149,-0.2584407329559326,11.419631958007812,6.073396682739258,2.5784921646118164,0.0617077946662902,-0.0084291119128465,-0.1677058041095733
2025-10-19T16:15:02.604,163842,1544850,0,0,0,-10.6409330368042,-0.4008767008781433,0.9281245470046996,0.1519953906536102,-0.4901736974716186,-0.0458774715662002,-10.611194610595703,4.563920974731445,1.0139155387878418,-0.0086603201925754,0.1168368905782699,-0.1779690384864807,11.352594375610352,5.793275356292725,2.523425579071045,-0.0336857736110687,-0.0017675498966127,-0.1615771651268005
2025-10-19T16:15:02.615,163843,1544859,0,0,0,-10.875564575195312,-0.3697521090507507,1.1052955389022827,0.1565252542495727,-0.4504707455635071,-0.0256263241171836,-10.577675819396973,4.7578511238098145,0.8008315563201904,0.1645402908325195,0.0851278528571128,-0.0927010551095008,11.314287185668944,5.496394157409668,2.5282139778137207,-0.1021666377782821,0.0104897245764732,-0.1546491384506225
2025-10-19T16:15:02.626,163844,1544868,0,0,0,-10.990487098693848,-0.2715898156166076,1.1986693143844604,0.1631868183612823,-0.40916907787323,-0.0045757889747619,-10.431629180908203,4.992482662200928,0.7098519206047058,0.2775203883647918,0.0560834445059299,-0.0231543481349945,11.240067481994627,5.4413275718688965,2.774816513061523,-0.1301451921463012,0.0310073345899581,-0.1439906358718872
2025-10-19T16:15:02.633,163845,1544877,0,0,0,-11.004852294921877,-0.115966722369194,1.2273997068405151,0.1738453209400177,-0.3652027249336242,0.0130107346922159,-10.28797721862793,5.081068515777588,0.5638056397438049,0.2801850140094757,0.0440926328301429,0.0157491751015186,11.201760292053224,5.517941951751709,2.9328339099884033,-0.0182309485971927,0.0395341366529464,-0.1325327455997467
2025-10-19T16:15:02.642,163846,1544886,0,0,0,-10.91387176513672,0.030079573392868,1.1555737257003784,0.1898330450057983,-0.3164401054382324,0.0239356961101293,-10.331072807312012,4.9110798835754395,0.3650868833065033,0.1608098149299621,0.0707388743758201,0.0144168594852089,11.328652381896973,5.869889736175537,2.758057117462158,0.2301120907068252,0.0445969216525554,-0.1245388761162757
2025-10-19T16:15:02.649,163847,1544895,0,0,0,-10.770219802856444,0.1354244649410247,1.033469319343567,0.2092848122119903,-0.2652792930603027,0.0281990934163332,-10.548945426940918,4.575891971588135,0.319597065448761,-0.0198517441749572,0.1216332241892814,-0.01569340005517,11.448363304138184,6.516324043273926,2.5593385696411133,0.4781886339187622,0.0408664494752883,-0.1181437820196151
2025-10-19T16:15:02.658,163848,1544904,0,0,0,-10.564318656921388,0.212038904428482,0.8946057558059692,0.2340658009052276,-0.2167831510305404,0.0247350838035345,-10.948776245117188,4.228732585906982,0.348327487707138,-0.1778639853000641,0.1877159178256988,-0.0284835994243621,11.568073272705078,7.265708923339844,2.561732769012451,0.5693187713623047,0.0304744094610214,-0.0938956961035728
2025-10-19T16:15:02.667,163849,1544913,0,0,0,-10.396724700927734,0.2192215323448181,0.7533477544784546,0.2711041271686554,-0.1698857396841049,0.01727413572371,-11.128341674804688,3.809747219085694,0.4273361265659332,-0.2911105453968048,0.2356791645288467,-0.01569340005517,11.48667049407959,7.895384311676025,2.693413734436035,0.5261518955230713,0.0517914071679115,-0.0667165219783783
2025-10-19T16:15:02.681,163850,1544922,0,0,0,-10.293773651123049,0.1497896611690521,0.501956582069397,0.3198667466640472,-0.1152609288692474,0.0071485601365566,-10.91046905517578,3.417098045349121,0.4608549475669861,-0.4347338080406189,0.2420742660760879,-0.0082324501127004,11.27358627319336,8.175505638122559,2.58567476272583,0.4448808431625366,0.0776382684707641,-0.0382050387561321
2025-10-19T16:15:02.690,163851,1544931,0,0,0,-10.260254859924316,0.0492331981658935,0.2792959213256836,0.3691622912883758,-0.0475794672966003,0.0002205371856689,-10.704567909240724,3.2303504943847656,0.3459332585334778,-0.6484367251396179,0.2636577188968658,-0.0167592503130435,11.18260669708252,7.981575489044189,2.5521559715270996,0.3542836010456085,0.0994881838560104,-0.0086277015507221
2025-10-19T16:15:02.694,163852,1544940,0,0,0,-10.25307273864746,-0.0417464673519134,0.0039626359939575,0.4155267775058746,0.0283623412251472,-0.0011117756366729,-10.663866996765137,3.2542924880981445,0.3243854641914367,-0.8538792729377747,0.3321385979652405,-0.0284835994243621,11.165846824645996,7.4045729637146,2.5976457595825195,0.2991258800029754,0.1208051890134811,0.0294764265418052
2025-10-19T16:15:02.705,163853,1544949,0,0,0,-10.36799430847168,-0.1399087309837341,-0.3336197733879089,0.4541638195514679,0.1176272705197334,-0.0013782382011413,-10.675837516784668,3.4099154472351074,0.5350751876831055,-0.9663265347480774,0.4131431579589844,-0.0095647629350423,11.139511108398438,6.533083438873291,2.298370361328125,0.2751442492008209,0.1301313787698745,0.0673141032457351
2025-10-19T16:15:02.715,163854,1544958,0,0,0,-10.576290130615234,-0.2452536076307296,-0.4724834561347961,0.4874716699123382,0.2183500826358795,-0.0024440884590148,-10.335861206054688,3.953399181365967,0.4512781500816345,-0.9548685550689696,0.4293974041938782,0.0533203817903995,11.017406463623049,5.628075122833252,2.1451416015625,0.2810064256191253,0.1298649162054062,0.1080828532576561
2025-10-19T16:15:02.723,163855,1544967,0,0,0,-10.909083366394045,-0.3769347071647644,-0.4557240605354309,0.5226446390151978,0.3299978673458099,-0.0061745634302496,-10.070104598999023,4.441816329956055,0.4656433463096618,-0.8664029836654663,0.3515903353691101,0.1407200694084167,10.75643825531006,4.876296043395996,2.058950424194336,0.2855362594127655,0.135993555188179,0.1349955797195434
2025-10-19T16:15:02.732,163856,1544976,0,0,0,-11.395106315612791,-0.3841173052787781,-0.415022611618042,0.5548866987228394,0.4600315690040588,-0.015234287828207,-9.861808776855469,4.695601940155029,0.6045070886611938,-0.7488930821418762,0.2346133142709732,0.2350477874279022,10.540960311889648,4.148458480834961,2.123593807220459,0.2783417999744415,0.1469185054302215,0.1475193202495575
2025-10-19T16:15:02.741,163857,1544985,0,0,0,-12.1085786819458,-0.3434158861637115,-0.4820602536201477,0.5788682699203491,0.6196425557136536,-0.0269586369395256,-9.842655181884766,4.786581516265869,0.7984373569488525,-0.6724183559417725,0.1432166844606399,0.3387017250061035,10.533778190612791,3.7797515392303462,2.3127355575561523,0.2676832973957062,0.1535800695419311,0.164572924375534
